-0.014443
-0.0088143
-0.0069381
0.011824
0.019328
0.004319
-0.0031858
-0.0050619
-0.012567
-0.010691
0.0061952
0.015576
0.023081
0.0099476
-0.0050619
-0.0069381
0.00056661
-0.0013096
-0.010691
-0.0050619
0.0061952
-0.0050619
-0.021948
-0.029452
-0.012567
-0.012567
-0.020071
-0.018195
-0.0050619
0.00056661
-0.0088143
-0.0088143
0.0061952
0.015576
0.0080714
-0.0050619
-0.0088143
-0.0069381
0.00056661
0.0080714
0.00056661
-0.0031858
-0.020071
-0.0088143
0.0061952
0.0061952
0.0061952
-0.0069381
-0.0069381
0.0061952
0.021205
0.021205
0.00056661
-0.010691
-0.016319
0.0080714
0.019328
0.0137
0.00056661
-0.010691
-0.0050619
0.00056661
-0.0013096
0.00056661
-0.0013096
0.00056661
0.0080714
0.0080714
0.011824
0.023081
0.028709
0.021205
0.0080714
-0.010691
-0.020071
-0.0050619
0.0099476
-0.0031858
-0.018195
-0.016319
-0.014443
-0.010691
-0.010691
0.0061952
0.023081
0.023081
-0.010691
-0.036957
-0.023824
0.0099476
0.023081
0.015576
0.00056661
-0.0031858
0.004319
0.0080714
-0.014443
-0.031329
-0.035081
-0.0050619
0.015576
0.0080714
-0.0069381
-0.0069381
-0.0050619
-0.0069381
-0.014443
-0.020071
-0.010691
-0.016319
-0.033205
-0.033205
-0.014443
0.0024428
0.00056661
-0.018195
-0.0257
-0.014443
0.0137
0.028709
0.028709
0.015576
-0.0069381
-0.0050619
-0.010691
-0.018195
-0.0031858
0.0137
0.015576
0.017452
0.0024428
-0.0031858
-0.0013096
0.0024428
-0.0088143
-0.0088143
0.0061952
-0.0013096
-0.0257
-0.035081
-0.020071
-0.010691
-0.0069381
0.0024428
0.011824
0.011824
0.0024428
-0.0088143
-0.023824
-0.021948
-0.0257
-0.018195
0.0024428
0.015576
0.011824
0.0099476
0.00056661
0.0137
0.021205
0.00056661
-0.010691
-0.020071
-0.018195
-0.0088143
0.0080714
0.011824
-0.0088143
-0.020071
-0.020071
-0.0050619
0.021205
0.023081
0.021205
0.015576
0.011824
0.0061952
0.004319
0.00056661
-0.0069381
-0.012567
-0.0088143
-0.012567
-0.0050619
-0.0050619
-0.0088143
-0.0013096
0.0061952
0.0099476
-0.0031858
-0.0069381
-0.0031858
0.0061952
0.019328
0.0061952
-0.0013096
0.0061952
0.021205
0.028709
0.021205
-0.0031858
-0.016319
-0.0088143
0.015576
0.021205
0.004319
-0.020071
-0.021948
-0.021948
-0.010691
-0.0050619
-0.0050619
-0.0031858
0.0061952
0.0080714
0.0099476
0.011824
0.017452
0.0099476
-0.010691
-0.020071
-0.012567
0.00056661
-0.0031858
-0.0088143
-0.0031858
0.023081
0.030586
0.019328
0.0137
0.0024428
0.0080714
0.015576
0.015576
0.0061952
-0.0069381
-0.010691
-0.0257
-0.035081
-0.035081
-0.018195
-0.018195
-0.016319
-0.014443
-0.021948
0.00056661
0.015576
0.024957
0.0099476
-0.0050619
-0.014443
-0.020071
0.004319
0.0080714
0.0099476
0.0080714
-0.0050619
0.0024428
-0.0031858
0.0024428
0.019328
0.0024428
0.004319
0.004319
0.019328
0.011824
0.004319
0.011824
0.019328
0.0099476
0.00056661
-0.0013096
0.004319
-0.012567
-0.023824
-0.031329
-0.0088143
0.024957
0.023081
0.0099476
0.0061952
0.0024428
-0.0013096
-0.0050619
-0.018195
-0.020071
-0.016319
-0.018195
-0.027576
-0.012567
0.004319
0.0099476
0.0061952
-0.0050619
0.0099476
0.0099476
-0.0031858
-0.012567
-0.014443
-0.0069381
-0.0013096
-0.0050619
-0.014443
-0.0013096
0.021205
0.023081
0.019328
0.0099476
-0.0069381
-0.010691
-0.027576
-0.036957
-0.020071
-0.0013096
0.011824
0.021205
0.015576
0.0061952
0.0061952
0.0061952
0.004319
0.0080714
0.021205
0.011824
-0.0069381
-0.012567
-0.0050619
0.019328
0.039967
0.011824
-0.0088143
-0.010691
-0.0088143
-0.014443
-0.018195
0.00056661
0.011824
0.019328
0.017452
0.015576
0.021205
0.019328
0.0061952
-0.010691
-0.0069381
-0.0013096
0.0080714
0.011824
-0.0031858
-0.0031858
0.0061952
0.015576
0.021205
0.032462
0.024957
0.00056661
0.00056661
0.00056661
0.00056661
-0.010691
-0.0013096
0.004319
0.026833
0.023081
0.0099476
-0.010691
-0.0031858
0.00056661
0.0024428
-0.0088143
-0.010691
-0.010691
0.00056661
-0.0050619
-0.010691
-0.0013096
0.0137
0.004319
-0.0031858
0.00056661
0.011824
0.0080714
0.00056661
0.0061952
-0.0088143
-0.0069381
0.004319
0.0080714
0.004319
0.00056661
0.0099476
0.0080714
-0.0088143
-0.0031858
0.0024428
0.0061952
0.00056661
-0.0069381
-0.0050619
0.015576
0.030586
0.021205
0.00056661
0.0024428
-0.0050619
-0.0069381
-0.016319
-0.0088143
-0.0013096
-0.0013096
0.015576
0.026833
0.0137
0.0080714
-0.0069381
-0.012567
-0.0088143
0.00056661
0.00056661
-0.0069381
-0.016319
-0.0257
-0.020071
-0.0031858
0.011824
0.011824
-0.010691
-0.021948
-0.018195
-0.0069381
0.015576
0.0099476
-0.012567
-0.021948
-0.012567
-0.0013096
0.004319
0.0080714
0.004319
0.011824
0.017452
0.023081
0.019328
0.015576
0.004319
-0.014443
-0.0088143
0.0080714
-0.0013096
-0.0069381
-0.0069381
0.011824
0.017452
0.024957
0.015576
0.0099476
0.0099476
-0.012567
-0.018195
-0.0031858
0.0061952
0.011824
0.017452
0.015576
0.019328
0.017452
0.017452
0.004319
-0.0031858
-0.0088143
-0.016319
-0.0013096
0.0024428
-0.0069381
-0.018195
-0.014443
-0.010691
-0.0088143
-0.014443
-0.020071
-0.0088143
0.004319
0.017452
0.011824
-0.0013096
-0.0069381
-0.014443
-0.010691
-0.010691
-0.0031858
0.004319
0.0061952
0.00056661
-0.016319
-0.018195
-0.0069381
-0.0031858
0.00056661
0.004319
0.00056661
-0.0031858
0.0024428
0.004319
0.00056661
-0.010691
-0.014443
0.00056661
0.004319
-0.018195
-0.035081
-0.0257
0.00056661
0.0099476
0.004319
0.019328
0.011824
0.0024428
-0.0013096
-0.0013096
0.0061952
0.011824
-0.010691
-0.027576
-0.012567
-0.0050619
0.004319
0.00056661
-0.0050619
-0.0069381
-0.0088143
-0.0069381
-0.0069381
-0.012567
-0.0069381
-0.0088143
-0.018195
-0.023824
-0.014443
0.00056661
0.0080714
0.0024428
-0.0050619
-0.020071
-0.016319
0.00056661
0.004319
-0.0050619
-0.012567
-0.0088143
-0.016319
-0.0088143
-0.010691
0.00056661
0.00056661
-0.0050619
0.00056661
0.021205
0.015576
0.004319
0.00056661
0.0099476
0.011824
0.0024428
0.0061952
0.00056661
-0.0257
-0.033205
-0.016319
-0.0013096
-0.0088143
-0.0088143
-0.0013096
0.023081
0.028709
0.015576
0.0080714
0.015576
0.0099476
0.011824
-0.0013096
-0.0050619
-0.010691
-0.0069381
0.011824
0.019328
0.0099476
-0.012567
-0.0088143
0.00056661
0.011824
0.011824
0.0061952
0.015576
0.021205
0.028709
0.019328
0.0024428
0.004319
0.00056661
-0.0013096
0.0024428
0.011824
0.00056661
-0.014443
-0.021948
-0.031329
-0.0257
-0.010691
-0.0031858
0.004319
0.0137
0.021205
0.015576
0.0061952
-0.0050619
-0.0013096
0.015576
0.0080714
0.004319
-0.0050619
-0.0069381
0.004319
0.00056661
-0.014443
-0.020071
-0.0069381
0.017452
0.0137
-0.0050619
-0.016319
-0.018195
0.00056661
0.023081
0.039967
0.021205
-0.0031858
-0.0088143
-0.010691
-0.010691
-0.0088143
-0.0031858
-0.0050619
-0.0050619
0.00056661
0.004319
0.00056661
-0.0031858
-0.010691
-0.0069381
0.0061952
0.021205
0.0099476
-0.0031858
-0.010691
-0.0031858
-0.0031858
-0.0031858
0.004319
0.011824
0.004319
-0.0069381
0.00056661
0.011824
0.019328
0.0024428
-0.0257
-0.010691
0.0137
0.030586
0.021205
-0.0050619
-0.016319
-0.020071
-0.010691
-0.0031858
0.00056661
-0.0031858
-0.018195
-0.0257
0.00056661
0.021205
0.021205
0.0061952
-0.0031858
-0.0050619
0.0024428
0.0061952
0.004319
-0.016319
-0.016319
-0.010691
-0.0088143
-0.012567
-0.0050619
0.00056661
0.0024428
0.004319
0.00056661
0.0061952
0.021205
0.023081
0.011824
0.004319
0.00056661
0.0099476
0.0099476
-0.0013096
-0.0088143
0.004319
0.021205
0.0080714
-0.0013096
0.0061952
0.0061952
-0.0031858
-0.010691
-0.0088143
0.00056661
0.0061952
0.0099476
0.024957
0.019328
-0.0031858
-0.010691
-0.0069381
0.0137
0.023081
0.015576
-0.018195
-0.027576
-0.010691
0.019328
0.0099476
-0.0069381
-0.016319
-0.010691
0.0024428
0.0137
0.024957
0.0137
0.0080714
0.004319
0.0080714
0.0099476
0.0099476
-0.0013096
-0.0031858
-0.0031858
0.015576
0.034338
0.024957
0.017452
0.0137
0.0099476
-0.0031858
-0.0069381
0.0024428
0.0099476
0.0137
0.0099476
-0.0013096
0.00056661
-0.0050619
-0.020071
-0.0257
-0.014443
-0.0088143
-0.012567
-0.0050619
0.011824
0.011824
-0.0031858
0.015576
0.023081
0.0137
0.0024428
0.004319
-0.0013096
0.0099476
0.019328
0.011824
-0.0069381
-0.010691
-0.014443
-0.020071
-0.018195
0.011824
0.032462
0.021205
-0.0013096
-0.016319
-0.0069381
0.011824
0.004319
-0.016319
-0.014443
-0.0013096
0.0061952
-0.0069381
-0.014443
-0.012567
0.0099476
0.0099476
-0.0069381
-0.020071
-0.016319
-0.0050619
-0.0013096
0.00056661
0.0024428
0.0061952
0.004319
-0.0050619
-0.0050619
-0.0013096
-0.0050619
0.00056661
0.0080714
0.011824
0.0080714
-0.0069381
-0.020071
-0.020071
-0.010691
0.0080714
0.021205
0.019328
0.00056661
-0.010691
-0.014443
-0.0031858
0.0061952
0.0080714
0.004319
-0.016319
-0.021948
-0.0031858
0.004319
0.00056661
0.0024428
-0.0050619
-0.0031858
0.0024428
-0.0013096
-0.0050619
-0.0088143
0.00056661
0.0061952
0.0137
0.004319
-0.0050619
-0.020071
-0.012567
0.0099476
0.019328
0.004319
-0.014443
-0.014443
-0.010691
0.0061952
0.021205
0.0137
-0.0013096
-0.0088143
0.0024428
0.00056661
-0.0013096
-0.023824
-0.016319
-0.012567
-0.0069381
-0.0088143
0.004319
0.019328
0.0099476
-0.0013096
-0.016319
-0.016319
-0.018195
-0.016319
-0.0088143
-0.014443
-0.014443
-0.0088143
-0.0013096
-0.0069381
0.00056661
0.004319
0.004319
-0.0050619
-0.0088143
-0.0013096
0.0137
0.0099476
0.011824
0.011824
0.0099476
0.0061952
-0.0069381
-0.010691
-0.0069381
-0.0069381
0.00056661
0.015576
0.0099476
0.011824
0.0061952
-0.0031858
-0.0031858
0.021205
0.017452
-0.0013096
-0.012567
-0.0013096
0.011824
0.0099476
-0.010691
-0.014443
-0.0031858
-0.0031858
0.004319
0.0099476
0.019328
0.021205
0.015576
0.0061952
0.004319
0.0137
0.004319
-0.0069381
-0.010691
-0.0088143
0.00056661
0.004319
0.00056661
-0.0050619
0.004319
-0.0088143
-0.0088143
0.0080714
0.0137
-0.0088143
-0.027576
-0.016319
-0.0031858
-0.0031858
0.0061952
0.015576
0.0137
0.011824
-0.0013096
0.0024428
0.0061952
0.00056661
-0.0031858
-0.0031858
0.0099476
0.021205
0.004319
0.004319
0.004319
-0.0050619
-0.0013096
0.0061952
0.028709
0.036214
0.021205
-0.0031858
-0.023824
-0.023824
-0.018195
-0.016319
-0.0031858
0.00056661
-0.0088143
-0.0088143
-0.0088143
-0.014443
-0.016319
-0.016319
-0.018195
-0.010691
0.0061952
0.0099476
-0.0031858
0.004319
0.004319
0.0080714
0.017452
0.019328
0.0099476
0.0024428
0.004319
0.0061952
0.004319
-0.0013096
-0.0050619
-0.0031858
-0.0050619
-0.0013096
-0.0088143
-0.0088143
-0.0088143
0.00056661
0.0080714
0.011824
-0.0031858
-0.023824
-0.014443
0.0080714
0.017452
0.00056661
-0.016319
-0.010691
0.00056661
0.0137
0.023081
0.021205
0.0061952
-0.010691
-0.014443
0.004319
0.0024428
-0.010691
-0.0050619
-0.0050619
-0.018195
-0.023824
-0.010691
0.004319
0.004319
0.004319
0.0080714
0.011824
-0.0031858
-0.0013096
0.0080714
0.0080714
-0.0050619
-0.0031858
-0.010691
-0.0069381
-0.014443
-0.010691
-0.0013096
0.0137
0.026833
0.0137
0.0061952
0.0099476
0.019328
0.00056661
-0.020071
-0.029452
-0.020071
0.00056661
0.015576
0.019328
0.021205
0.011824
0.0024428
0.011824
0.036214
0.041843
0.032462
0.015576
-0.0031858
-0.0088143
-0.014443
-0.0031858
-0.0013096
-0.0069381
-0.0050619
0.00056661
0.0080714
0.011824
0.017452
0.019328
0.021205
0.0061952
-0.0050619
-0.010691
0.00056661
0.0080714
0.0080714
0.00056661
0.0024428
0.00056661
0.00056661
-0.0050619
-0.010691
-0.0069381
0.0024428
0.0137
0.0099476
0.0137
0.00056661
-0.0069381
0.00056661
0.004319
0.0137
0.026833
0.017452
0.0024428
-0.0031858
0.004319
0.021205
0.034338
0.021205
0.0061952
-0.0050619
-0.0050619
0.0024428
0.017452
0.0099476
0.011824
-0.0031858
-0.0013096
-0.0031858
0.00056661
0.019328
0.017452
-0.014443
-0.020071
-0.0031858
0.011824
0.015576
0.0080714
0.0061952
-0.0088143
-0.010691
-0.0031858
0.011824
0.0137
-0.0013096
-0.012567
-0.0050619
0.004319
0.011824
0.017452
0.023081
0.015576
0.0099476
0.00056661
-0.0069381
-0.0013096
0.0080714
0.021205
0.019328
-0.014443
-0.029452
-0.012567
0.011824
0.00056661
-0.0069381
0.00056661
0.004319
-0.010691
-0.0088143
0.00056661
0.0061952
0.0099476
-0.0031858
-0.012567
0.004319
0.017452
0.004319
0.004319
0.0099476
0.019328
0.015576
-0.0050619
-0.018195
-0.0069381
-0.0031858
0.00056661
0.0061952
0.0061952
-0.012567
-0.023824
-0.020071
-0.016319
-0.018195
-0.0088143
0.0024428
0.00056661
-0.010691
-0.012567
-0.0069381
-0.0013096
-0.0050619
-0.0050619
-0.0069381
-0.023824
-0.029452
-0.021948
0.00056661
0.0061952
0.0080714
-0.0013096
-0.0031858
-0.0088143
-0.023824
-0.023824
-0.0031858
0.011824
0.019328
0.011824
0.004319
-0.0050619
-0.0050619
0.0080714
0.00056661
0.0061952
0.00056661
-0.0031858
-0.0088143
-0.0088143
0.0061952
0.019328
0.021205
0.017452
0.0080714
-0.0013096
0.0024428
0.0024428
0.0061952
0.0080714
0.019328
0.019328
0.017452
0.004319
-0.0088143
-0.010691
-0.012567
0.004319
0.015576
0.023081
0.004319
-0.010691
-0.021948
-0.010691
0.0099476
0.019328
0.015576
0.011824
0.019328
0.03809
0.028709
0.0061952
-0.014443
-0.0031858
0.00056661
-0.0050619
-0.0013096
0.021205
0.030586
0.017452
0.0024428
-0.0050619
0.0080714
0.021205
0.0099476
0.0061952
0.004319
0.0024428
0.0024428
0.0137
0.019328
0.011824
0.0080714
0.0137
0.0080714
-0.0050619
-0.014443
-0.016319
0.00056661
0.0024428
-0.0031858
-0.016319
-0.012567
-0.016319
-0.021948
0.00056661
0.0099476
0.0061952
0.0061952
0.004319
0.00056661
-0.0031858
-0.0069381
-0.0069381
-0.010691
0.0024428
0.015576
0.011824
0.015576
0.0024428
-0.018195
-0.021948
-0.0069381
0.004319
0.00056661
-0.0031858
-0.0031858
-0.0050619
0.00056661
0.00056661
-0.0069381
-0.0031858
-0.0031858
-0.0050619
0.00056661
0.004319
0.0061952
0.0099476
0.0024428
-0.0088143
-0.0069381
-0.0069381
-0.0031858
0.00056661
0.00056661
0.00056661
0.0080714
0.0099476
0.004319
0.011824
0.0137
0.00056661
-0.0069381
-0.0088143
-0.0050619
0.00056661
0.0024428
0.00056661
0.0099476
0.0061952
0.004319
0.004319
0.0024428
0.0024428
-0.0050619
-0.0050619
-0.018195
-0.020071
-0.010691
0.004319
0.0080714
-0.0013096
-0.0050619
-0.0050619
0.015576
0.019328
0.0099476
0.011824
0.00056661
-0.014443
-0.0050619
-0.0013096
-0.0013096
-0.0069381
0.011824
0.00056661
0.00056661
-0.0013096
-0.0050619
-0.0050619
-0.0069381
0.004319
0.0099476
0.004319
0.00056661
-0.012567
-0.0013096
0.00056661
0.0080714
0.0061952
0.011824
0.004319
-0.0031858
0.00056661
-0.0031858
-0.018195
-0.020071
0.00056661
0.0080714
0.011824
0.011824
0.0024428
0.004319
0.004319
0.0024428
0.00056661
0.011824
0.017452
0.0061952
0.0080714
-0.0050619
-0.016319
-0.010691
-0.0088143
0.0061952
-0.0031858
-0.0031858
-0.0013096
0.00056661
0.00056661
0.0099476
0.011824
0.004319
-0.0088143
-0.010691
-0.0050619
-0.0088143
-0.018195
-0.023824
-0.020071
-0.020071
-0.0088143
-0.0050619
-0.012567
-0.0050619
0.0061952
0.0024428
-0.0013096
0.0024428
-0.0069381
-0.018195
-0.014443
-0.0050619
-0.0069381
-0.016319
-0.020071
-0.0088143
0.0080714
0.011824
0.00056661
-0.0050619
-0.0031858
-0.0088143
-0.010691
-0.012567
0.011824
0.026833
0.030586
0.0061952
-0.0031858
-0.014443
0.0061952
0.0080714
0.0099476
0.0061952
0.004319
0.00056661
-0.0031858
-0.014443
-0.018195
0.0024428
0.030586
0.039967
0.039967
0.036214
0.0137
-0.010691
-0.018195
-0.018195
-0.0013096
0.0024428
0.0137
0.0061952
0.004319
-0.010691
-0.010691
-0.0013096
0.0024428
0.017452
0.017452
0.0061952
-0.0050619
0.00056661
-0.0088143
-0.010691
-0.0013096
0.0024428
0.0061952
0.004319
0.004319
0.0024428
0.0080714
0.011824
0.0024428
-0.0031858
-0.0031858
-0.0069381
-0.0031858
-0.0031858
0.004319
0.004319
0.019328
0.017452
0.0099476
0.0024428
-0.0088143
-0.014443
-0.010691
0.017452
0.0099476
-0.012567
-0.023824
-0.016319
0.0099476
0.019328
0.004319
-0.0069381
0.00056661
0.0099476
0.011824
0.0099476
0.0137
0.015576
0.004319
0.011824
0.015576
0.021205
0.015576
0.017452
0.0061952
-0.0031858
-0.021948
-0.0088143
0.0061952
0.0080714
-0.0013096
-0.0031858
-0.0050619
-0.014443
-0.018195
-0.016319
-0.0013096
0.00056661
-0.0031858
-0.0069381
0.00056661
0.004319
-0.0013096
-0.014443
-0.029452
-0.014443
0.0099476
0.017452
0.0024428
0.0099476
0.0080714
0.015576
0.0099476
-0.012567
-0.012567
-0.014443
-0.0069381
-0.0069381
-0.0069381
-0.0069381
-0.0013096
0.019328
0.019328
0.004319
0.00056661
-0.0050619
-0.0069381
0.0024428
0.015576
0.0099476
-0.0031858
-0.016319
-0.020071
-0.012567
-0.0050619
0.004319
-0.0013096
-0.0050619
-0.0013096
-0.0069381
-0.0013096
-0.012567
-0.010691
0.011824
0.024957
0.0099476
-0.0013096
0.00056661
0.004319
-0.010691
-0.018195
-0.0088143
-0.0069381
0.004319
0.004319
0.0024428
0.0099476
0.0024428
0.00056661
-0.012567
-0.016319
-0.010691
0.00056661
0.0061952
0.004319
0.0024428
-0.0013096
0.0061952
0.0024428
-0.0013096
0.004319
-0.0050619
-0.018195
-0.0088143
0.0099476
0.015576
0.015576
0.0080714
0.004319
0.0099476
0.0080714
0.00056661
-0.0031858
-0.0013096
0.0080714
0.0137
0.004319
-0.0050619
-0.0050619
0.004319
0.011824
0.0061952
-0.0013096
-0.014443
-0.0050619
0.0061952
0.0099476
0.0024428
0.00056661
-0.010691
-0.014443
0.00056661
0.0061952
-0.0013096
-0.023824
-0.023824
-0.020071
-0.0013096
0.019328
0.015576
0.0061952
0.015576
0.0099476
0.00056661
-0.0088143
-0.012567
0.0024428
0.015576
0.019328
0.0061952
-0.0013096
-0.0013096
-0.0013096
-0.0013096
0.0080714
0.004319
0.0024428
-0.0013096
0.00056661
0.0024428
0.019328
0.023081
0.015576
-0.0088143
-0.014443
-0.010691
-0.0031858
-0.0050619
-0.014443
-0.018195
-0.0050619
0.0137
0.015576
0.00056661
-0.020071
-0.020071
-0.0013096
0.015576
0.015576
0.0137
0.019328
0.015576
0.0024428
0.00056661
-0.0088143
-0.0050619
0.004319
0.0061952
0.00056661
-0.010691
-0.012567
-0.010691
0.0024428
0.024957
0.034338
0.024957
0.0099476
-0.0031858
-0.014443
-0.0069381
0.0099476
0.0137
-0.0031858
0.00056661
0.015576
0.019328
0.0061952
-0.0013096
-0.0088143
0.0061952
0.015576
0.024957
0.024957
0.011824
-0.0050619
-0.0031858
0.0137
0.024957
0.017452
0.0099476
0.0061952
0.0099476
0.011824
0.0061952
0.0099476
0.011824
0.015576
0.021205
0.011824
0.004319
0.00056661
0.0080714
0.011824
0.017452
0.024957
0.019328
0.017452
-0.0050619
-0.014443
0.004319
0.011824
0.0099476
0.026833
0.026833
0.011824
0.030586
0.011824
-0.0013096
-0.0050619
-0.0031858
0.0099476
0.023081
0.019328
0.0061952
0.004319
0.0099476
0.0061952
0.004319
0.00056661
-0.018195
-0.023824
-0.0031858
0.0137
0.011824
0.0099476
0.015576
0.017452
0.011824
0.004319
-0.0031858
0.00056661
-0.0050619
0.00056661
-0.0050619
0.00056661
-0.0031858
0.0080714
0.019328
0.017452
0.004319
0.00056661
0.0137
0.011824
0.011824
0.004319
0.004319
0.00056661
-0.0031858
0.004319
0.017452
0.030586
0.023081
0.024957
0.024957
0.024957
0.021205
-0.0013096
-0.0069381
0.004319
0.015576
0.004319
-0.0013096
0.015576
0.0080714
-0.0031858
-0.0069381
-0.010691
0.004319
0.015576
0.024957
0.017452
0.00056661
0.0099476
0.021205
0.021205
0.015576
0.019328
0.021205
0.011824
0.011824
0.0137
0.0024428
-0.0088143
0.00056661
0.023081
0.024957
0.021205
0.004319
0.00056661
0.028709
0.030586
0.0061952
-0.0088143
-0.014443
-0.0069381
0.0080714
0.011824
0.0099476
0.011824
0.011824
0.019328
0.015576
0.017452
0.011824
0.00056661
-0.010691
0.004319
0.019328
0.021205
0.0099476
0.004319
0.004319
0.0061952
0.021205
0.023081
0.0137
0.011824
0.019328
0.019328
0.0099476
0.011824
0.0080714
0.00056661
0.0099476
0.023081
0.023081
0.011824
0.0061952
0.0137
0.023081
0.030586
0.021205
0.015576
0.011824
0.0137
0.017452
0.015576
0.011824
0.0137
0.024957
0.032462
0.034338
0.017452
0.0080714
0.015576
0.015576
0.0137
0.021205
0.024957
0.028709
0.032462
0.032462
0.024957
0.023081
0.030586
0.032462
0.039967
0.034338
0.028709
0.028709
0.023081
0.0137
0.023081
0.030586
0.026833
0.032462
0.026833
0.021205
0.015576
0.024957
0.026833
0.0080714
0.0061952
0.0137
0.030586
0.019328
0.015576
0.019328
0.019328
0.023081
0.024957
0.030586
0.026833
0.019328
0.0080714
0.011824
0.026833
0.03809
0.03809
0.03809
0.049348
0.036214
0.026833
0.030586
0.039967
0.023081
0.017452
0.023081
0.032462
0.043719
0.054976
0.047471
0.036214
0.024957
0.028709
0.039967
0.051224
0.062481
0.068109
0.049348
0.041843
0.054976
0.064357
0.049348
0.039967
0.036214
0.062481
0.069986
0.047471
0.034338
0.041843
0.069986
0.066233
0.047471
0.047471
0.058728
0.054976
0.045595
0.041843
0.045595
0.064357
0.079367
0.079367
0.073738
0.062481
0.081243
0.094376
0.090624
0.0925
0.075614
0.062481
0.060605
0.066233
0.071862
0.071862
0.081243
0.11126
0.10376
0.083119
0.069986
0.083119
0.096252
0.1
0.11126
0.10751
0.10188
0.094376
0.1
0.10563
0.10751
0.12064
0.11877
0.12252
0.1319
0.12815
0.13378
0.13378
0.13753
0.14128
0.13378
0.1394
0.14691
0.1394
0.13753
0.14879
0.16004
0.1713
0.1713
0.1713
0.19006
0.18819
0.18631
0.18819
0.2032
0.20507
0.20882
0.21445
0.22946
0.23884
0.23321
0.22008
0.22946
0.25948
0.27261
0.28199
0.28012
0.2895
0.297
0.30826
0.31389
0.31577
0.3289
0.33078
0.33265
0.33453
0.32702
0.34016
0.36642
0.40582
0.42083
0.42083
0.42083
0.43021
0.43021
0.42834
0.4396
0.46211
0.48087
0.50526
0.52027
0.54841
0.56718
0.55967
0.55592
0.5653
0.59719
0.61783
0.63847
0.66099
0.68913
0.69475
0.70789
0.73228
0.75104
0.77731
0.82797
0.86549
0.873
0.88425
0.90489
0.94054
0.9912
1.0325
1.0587
1.0662
1.0963
1.1432
1.2051
1.2313
1.252
1.2989
1.3439
1.3589
1.3308
1.3008
1.2557
1.1957
1.085
0.99495
0.98369
0.97056
0.9199
0.91802
1.0494
1.2182
1.267
1.1938
1.1938
1.4452
1.9124
2.4377
2.798
2.9274
2.9199
2.9631
3.1976
3.5822
4.0044
4.3083
4.5222
4.8299
5.3064
5.9049
6.6535
7.5391
8.3158
8.8862
9.4284
10.254
11.479
13.164
14.973
16.522
17.648
18.372
18.909
19.335
19.821
20.194
20.115
19.32
17.911
16.393
15.325
14.922
14.847
14.701
14.376
14.091
13.809
13.276
12.301
11.19
10.391
9.86
9.466
9.2164
8.8768
8.3852
8.192
8.3121
8.3722
8.0776
7.5241
6.7361
5.4378
3.7529
1.9706
0.31201
-0.92064
-1.3953
-1.1833
-0.64672
0.17318
1.4208
2.9706
4.4471
5.6479
6.5841
7.3702
8.2558
9.4978
11.078
12.46
13.068
12.794
12.079
11.468
11.25
10.991
10.256
9.2877
8.4922
8.0663
7.9219
7.9124
7.5748
6.586
5.2145
4.1451
3.903
4.4828
5.2408
5.5785
5.5578
5.5541
5.3965
4.7605
3.7961
2.9893
2.4171
1.9124
1.2351
0.35892
-0.48912
-1.0295
-1.4873
-2.0801
-2.6055
-2.6693
-2.1345
-1.3409
-0.61107
-0.13264
-0.29212
-1.1251
-2.0107
-2.3691
-2.1233
-1.5248
-0.62796
0.78294
2.7117
4.7229
6.3646
7.4959
8.177
8.2445
7.7849
7.04
6.1939
5.374
4.6798
4.0531
3.4678
3.0006
2.524
2.0006
1.7285
1.7886
1.8467
1.7417
1.631
1.5259
1.4546
1.419
1.3045
1.0888
0.82046
0.31577
-0.40469
-0.81933
-0.55103
0.18068
0.61971
0.55029
0.43772
0.50901
0.69851
1.0625
1.4171
1.4921
1.3721
1.327
0.94617
-0.095119
-1.1045
-1.536
-1.4854
-1.3203
-1.3784
-1.8981
-2.5454
-2.476
-1.5698
-0.49475
0.0080714
-0.20581
-0.6167
-0.95629
-1.3071
-1.6505
-1.9131
-2.5998
-3.7255
-4.3953
-4.1852
-3.9207
-3.9938
-3.78
-3.2621
-3.2921
-4.1308
-5.1646
-5.7518
-5.6918
-5.5961
-5.5361
-5.0351
-4.5773
-4.4366
-4.6411
-5.1627
-5.9076
-6.341
-6.4854
-6.6543
-6.8456
-6.9507
-6.5248
-5.6242
-5.022
-5.2265
-6.0257
-7.0258
-8.401
-10.379
-12.424
-13.364
-12.818
-12.045
-12.422
-14.281
-16.669
-18.131
-18.435
-18.628
-19.382
-20.215
-20.699
-20.478
-19.394
-17.698
-16.229
-14.998
-13.808
-12.838
-11.908
-10.988
-10.439
-10.379
-10.731
-11.409
-11.773
-11.024
-9.2321
-7.4348
-6.5792
-6.8494
-7.4498
-7.3128
-6.1739
-5.0182
-4.6111
-4.4741
-3.6205
-2.2002
-0.72927
0.4077
0.83359
0.75104
0.91239
1.6854
2.9818
4.2708
4.9518
4.9406
4.2257
3.2464
2.5484
2.3214
2.1507
2.2051
3.1638
4.9912
6.753
7.5785
7.601
7.0588
5.9237
4.5803
3.5691
2.7642
1.9931
1.4753
1.3233
1.5071
2.1188
2.6066
2.7285
2.3064
1.2238
-0.42158
-2.4216
-4.3128
-5.4629
-5.9807
-6.0802
-5.4873
-4.3203
-2.7574
-1.0182
0.23697
0.66849
0.13002
-0.29399
1.04
5.3496
10.487
12.541
11.079
9.2201
10.438
14.822
19.363
21.151
19.873
18.173
17.565
17.468
18.059
20.243
23.408
25.412
25.11
21.975
17.676
13.584
9.1132
4.9706
2.1263
1.3552
2.7755
4.6835
5.6573
4.9181
2.4152
-0.36717
-0.78931
2.2557
5.7661
5.8149
2.9612
1.0006
1.0156
2.5691
5.3758
6.6685
4.7698
1.5146
-0.73865
-1.9
-2.8043
-4.3259
-5.6824
-4.2978
-0.74616
0.94804
0.41896
0.47524
1.1469
1.0662
1.2032
3.3477
7.601
12.179
14.946
16.108
15.415
12.721
9.8374
8.7905
8.254
6.1394
2.6516
0.79982
1.1019
1.222
0.72477
0.69288
2.4978
4.9068
6.8486
7.8355
7.571
5.858
2.8055
0.10376
-0.6561
0.27449
1.0644
0.094376
-2.1646
-3.8325
-3.6786
-2.5511
-2.6167
-4.3128
-7.0483
-9.9038
-10.682
-8.7068
-5.8231
-4.0708
-3.9057
-5.2546
-7.0914
-7.431
-5.7068
-3.4479
-2.7893
-4.4179
-6.5135
-7.4104
-7.099
-5.9826
-4.5398
-3.5773
-3.189
-3.0051
-2.4891
-1.733
-1.5979
-2.1514
-2.6073
-2.6824
-3.249
-4.8475
-6.3203
-6.2546
-4.6524
-3.0389
-2.0726
-0.4985
1.8786
2.9124
1.9612
0.691
0.65536
1.8655
3.1188
3.4734
2.4171
0.27261
-1.5604
-2.037
-1.4779
-0.91877
-0.75929
-0.72177
-0.47411
-0.0088143
0.42646
0.056852
-1.1552
-2.0914
-1.915
-0.82871
0.78106
2.0719
2.115
1.267
0.2032
-1.0857
-2.1402
-2.5942
-2.7255
-2.8212
-2.5192
-1.3372
0.41145
1.7117
1.798
0.99495
0.29513
-0.010691
0.0137
0.48087
1.4321
2.3364
2.3721
1.7117
1.0775
0.77168
0.59532
0.47524
0.51089
0.5653
0.45836
0.17693
0.049348
0.18256
0.45836
0.73416
0.91802
0.73228
0.38894
0.37768
0.19757
-0.92064
-2.5829
-3.8325
-4.0801
-3.1983
-1.9338
-1.3465
-1.6036
-1.7368
-1.3653
-1.1139
-1.3615
-1.8212
-1.9769
-1.4253
-0.56417
-0.25084
-0.8925
-1.8193
-2.0145
-1.4422
-0.91689
-0.98444
-1.6486
-2.5886
-3.2509
-3.0764
-2.1664
-1.2002
-0.62045
-0.59981
-1.1514
-2.037
-3.0576
-3.9901
-4.5886
-4.6786
-4.3297
-4.0201
-3.9244
-3.7199
-3.3878
-3.2471
-3.5023
-3.9169
-4.2058
-4.3972
-4.3653
-3.9845
-3.476
-2.9263
-2.1833
-1.4966
-1.3653
-1.7199
-1.9488
-1.9244
-2.0501
-2.401
-2.4704
-2.007
-1.4797
-1.3484
-1.4535
-1.4272
-1.2321
-0.93941
-0.79306
-0.89813
-1.0689
-1.1045
-1.0595
-0.93565
-0.71426
-0.44972
-0.23583
-0.17017
-0.48537
-1.0801
-1.5079
-1.3728
-0.79869
-0.25835
0.068109
0.31201
0.43209
0.14128
-0.54728
-1.0032
-0.65423
0.26511
0.83172
0.63847
0.081243
-0.58856
-1.3559
-1.885
-1.8569
-1.3859
-0.94316
-0.88124
-1.0914
-1.3522
-1.5266
-1.5473
-1.491
-1.3672
-1.2171
-1.1458
-1.0538
-0.7424
-0.24521
0.27449
0.79232
1.3927
2.1056
2.6779
2.9743
2.9856
2.7698
2.3664
1.873
1.4396
1.1882
1.1882
1.3477
1.4208
1.2576
0.92553
0.63097
0.66474
1.2445
2.1132
2.858
3.1207
2.8636
2.4171
2.1338
2.0531
1.8899
1.3177
0.50339
-0.17392
-0.43471
-0.30713
-0.14765
-0.2696
-0.47036
-0.50788
-0.39906
-0.27711
-0.070728
0.2107
0.4152
0.42834
0.39081
0.45085
0.58406
0.62909
0.59157
0.62533
0.8411
1.1225
1.2576
1.2182
1.0081
0.72477
0.4865
0.39457
0.36642
0.24259
0.036214
-0.13264
-0.23959
-0.32401
-0.42908
-0.43283
-0.18893
0.4546
1.3758
2.0531
1.9781
1.3533
0.7698
0.55029
0.60657
0.62158
0.43209
0.2501
0.30451
0.55779
0.73228
0.77543
0.83922
0.9912
1.1938
1.3327
1.1544
0.7229
0.35704
0.27637
0.42646
0.66099
0.81108
0.8805
0.9987
1.1788
1.4021
1.7079
2.0644
2.3871
2.6629
2.8486
2.8749
2.7117
2.4696
2.3965
2.5334
2.7642
2.8636
2.7623
2.5822
2.4209
2.3252
2.3045
2.3064
2.2858
2.0944
1.6816
1.1676
0.73041
0.44147
0.25198
0.075614
-0.20019
-0.56604
-0.885
-1.0595
-1.0482
-0.91502
-0.7743
-0.67111
-0.59419
-0.53227
-0.50976
-0.54916
-0.6636
-0.80244
-0.86999
-0.79869
-0.6167
-0.4666
-0.47223
-0.51726
-0.41407
-0.23396
-0.17579
-0.28274
-0.4197
-0.41595
-0.29399
-0.14953
0.024957
0.2501
0.53716
0.74729
0.73791
0.56905
0.29325
0.03809
-0.029452
0.058728
0.15629
0.18443
0.19757
0.24635
0.33265
0.34203
0.24447
0.039967
-0.23396
-0.5454
-0.85497
-1.0332
-1.0951
-1.1064
-1.1176
-1.2302
-1.4141
-1.5285
-1.491
-1.3522
-1.1964
-1.1251
-1.142
-1.1495
-1.067
-0.85685
-0.54916
-0.27899
-0.13452
-0.078233
-0.05009
-0.048214
-0.080109
-0.15891
-0.23396
-0.24709
-0.1908
-0.055719
0.1713
0.42459
0.65723
0.79982
0.86173
0.91239
0.99495
1.0231
0.91615
0.68725
0.4546
0.29325
0.20882
0.15629
0.043719
-0.0651
-0.12514
-0.12889
-0.13452
-0.17017
-0.25272
-0.33902
-0.36904
-0.34465
-0.36154
-0.506
-0.69738
-0.87749
-0.99944
-1.0576
-1.0839
-1.0463
-0.97505
-0.90939
-0.90376
-0.91877
-0.90188
-0.87749
-0.83621
-0.72927
-0.57542
-0.47974
-0.53415
-0.69925
-0.83058
-0.84747
-0.73115
-0.60545
-0.54916
-0.56229
-0.57167
-0.52852
-0.4591
-0.38593
-0.28461
-0.15516
-0.0013096
0.12064
0.19569
0.22759
0.31389
0.47712
0.63284
0.76417
0.86173
0.91802
0.96493
1.0681
1.2145
1.3721
1.4677
1.5259
1.5522
1.5071
1.4077
1.2782
1.1413
1.0231
0.9593
0.94617
0.93491
0.85986
0.73416
0.63097
0.58781
0.60282
0.64222
0.68162
0.70414
0.73228
0.76417
0.81483
0.84861
0.85236
0.84673
0.8017
0.73791
0.64785
0.55217
0.4865
0.47337
0.51089
0.53716
0.46774
0.35517
0.22759
0.13002
0.060605
-0.0257
-0.11763
-0.20769
-0.28086
-0.32026
-0.3484
-0.41219
-0.48349
-0.52289
-0.46848
-0.35591
-0.24897
-0.15516
-0.057595
0.041843
0.15629
0.26323
0.3364
0.40582
0.51839
0.60095
0.61783
0.58969
0.55217
0.5259
0.50901
0.52965
0.56905
0.60282
0.62533
0.61971
0.56905
0.44898
0.31014
0.15629
-0.0088143
-0.17204
-0.32964
-0.51351
-0.73115
-0.90376
-0.93002
-0.84747
-0.69925
-0.4985
-0.27899
-0.0651
0.062481
0.079367
0.054976
0.026833
0.023081
0.084995
0.18256
0.28762
0.37393
0.45085
0.494
0.52965
0.52027
0.47337
0.35517
0.16004
-0.0651
-0.2302
-0.3409
-0.40281
-0.46473
-0.54916
-0.62045
-0.63171
-0.6092
-0.62045
-0.68049
-0.75179
-0.78556
-0.74991
-0.66548
-0.56604
-0.4985
-0.44409
-0.38968
-0.32026
-0.27523
-0.32401
-0.40094
-0.48349
-0.53039
-0.58105
-0.61482
-0.62421
-0.5848
-0.53039
-0.44597
-0.29212
-0.096995
0.036214
0.073738
0.054976
0.051224
0.058728
0.098129
0.13002
0.1713
0.18443
0.18819
0.18068
0.14691
0.11126
0.073738
0.049348
0.054976
0.11501
0.23884
0.38519
0.50151
0.55029
0.54654
0.48087
0.34766
0.16004
0.00056661
-0.10262
-0.19831
-0.30713
-0.42908
-0.52852
-0.56041
-0.5379
-0.49662
-0.49287
-0.51163
-0.52101
-0.51914
-0.50038
-0.47411
-0.44034
-0.43659
-0.45347
-0.48349
-0.50788
-0.50976
-0.46848
-0.36904
-0.25084
-0.16454
-0.12514
-0.076357
0.004319
0.054976
0.051224
0.0080714
-0.0651
-0.16829
-0.24334
-0.26585
-0.25647
-0.28649
-0.3334
-0.3728
-0.39343
-0.42533
-0.48161
-0.5454
-0.58856
-0.61107
-0.60732
-0.59043
-0.58293
-0.5848
-0.59606
-0.62608
-0.62796
-0.61857
-0.59981
-0.57918
-0.55479
-0.56417
-0.56417
-0.53227
-0.47223
-0.41595
-0.34653
-0.2696
-0.20019
-0.14765
-0.112
-0.078233
-0.072604
-0.085738
-0.061348
-0.0050619
0.032462
0.041843
0.068109
0.11501
0.17693
0.26323
0.39644
0.53153
0.61783
0.6516
0.66474
0.68162
0.6835
0.64973
0.60282
0.55217
0.50901
0.44522
0.35517
0.28199
0.21258
0.16755
0.11126
0.0024428
-0.12139
-0.20206
-0.27899
-0.34278
-0.36904
-0.36529
-0.3484
-0.34465
-0.33902
-0.32026
-0.26773
-0.17579
-0.10825
-0.096995
-0.095119
-0.095119
-0.055719
-0.010691
0.011824
0.036214
0.045595
0.045595
0.039967
0.019328
0.004319
-0.010691
0.004319
0.056852
0.16192
0.26511
0.33453
0.3683
0.38143
0.40582
0.46023
0.51464
0.51464
0.4865
0.47337
0.46586
0.44147
0.38894
0.30639
0.20882
0.12252
0.049348
-0.0088143
-0.044462
-0.087614
-0.15328
-0.23583
-0.30525
-0.33152
-0.33527
-0.33715
-0.3334
-0.31839
-0.29775
-0.24521
-0.1833
-0.13077
-0.080109
-0.018195
0.030586
0.03809
0.004319
-0.010691
0.011824
0.054976
0.088748
0.086871
0.054976
-0.0013096
-0.0651
-0.093243
-0.081985
-0.083862
-0.12139
-0.16454
-0.20019
-0.22833
-0.26773
-0.31651
-0.36529
-0.40469
-0.43659
-0.4516
-0.44784
-0.43096
-0.41782
-0.4197
-0.42533
-0.42908
-0.41782
-0.35779
-0.26773
-0.21144
-0.19643
-0.20769
-0.21707
-0.19268
-0.1364
-0.070728
-0.016319
0.056852
0.13378
0.19569
0.22946
0.24447
0.27637
0.33453
0.42646
0.49776
0.51652
0.48838
0.46023
0.42459
0.3758
0.32515
0.26886
0.22008
0.20882
0.2032
0.14316
0.028709
-0.083862
-0.16454
-0.20019
-0.20206
-0.19268
-0.2227
-0.26585
-0.29399
-0.29587
-0.27899
-0.27148
-0.29399
-0.33152
-0.33527
-0.30713
-0.22458
-0.11013
0.011824
0.11126
0.19194
0.26511
0.3214
0.34391
0.36455
0.40395
0.45836
0.51089
0.5259
0.49963
0.45836
0.41333
0.38143
0.3758
0.37956
0.36642
0.33078
0.26511
0.17693
0.11689
0.079367
0.0099476
-0.074481
-0.15328
-0.21707
-0.24897
-0.23959
-0.20957
-0.13827
-0.066976
-0.0013096
0.075614
0.14128
0.22008
0.29513
0.38143
0.45836
0.5259
0.53528
0.49963
0.4546
0.42459
0.41333
0.43397
0.46961
0.49588
0.49776
0.49588
0.51464
0.55029
0.59344
0.58969
0.55029
0.4865
0.42834
0.38331
0.33078
0.25198
0.18068
0.12252
0.07749
0.024957
0.00056661
-0.0031858
-0.0013096
0.0099476
0.064357
0.12252
0.17505
0.20882
0.21633
0.23321
0.24447
0.24447
0.23697
0.24822
0.27824
0.33265
0.39081
0.44335
0.49963
0.53903
0.56718
0.58031
0.58406
0.61033
0.62721
0.59719
0.57093
0.54091
0.55029
0.58594
0.63097
0.66661
0.66099
0.62158
0.57656
0.54466
0.54278
0.55217
0.54091
0.49963
0.45836
0.41896
0.37205
0.32327
0.26323
0.19569
0.16004
0.16192
0.19757
0.21258
0.16755
0.10939
0.073738
0.068109
0.064357
0.062481
0.030586
-0.0013096
-0.029452
-0.021948
0.0080714
0.034338
0.021205
0.00056661
-0.036957
-0.055719
-0.063224
-0.05009
-0.020071
-0.0031858
0.00056661
0.045595
0.1244
0.2182
0.28762
0.31389
0.32702
0.31764
0.32327
0.31577
0.31764
0.34579
0.38706
0.42083
0.42834
0.42271
0.39457
0.33265
0.23509
0.13378
0.047471
-0.04071
-0.12326
-0.18142
-0.23771
-0.309
-0.37655
-0.42158
-0.44221
-0.44221
-0.42158
-0.35028
-0.28837
-0.23396
-0.17767
-0.12514
-0.068853
-0.0069381
0.058728
0.12627
0.18256
0.22571
0.27074
0.31201
0.34954
0.40582
0.46961
0.50151
0.48275
0.41896
0.31764
0.24447
0.20695
0.17693
0.12252
0.058728
-0.0013096
-0.080109
-0.16641
-0.24709
-0.31088
-0.36529
-0.40844
-0.42908
-0.42908
-0.44784
-0.46285
-0.46473
-0.44597
-0.40469
-0.3878
-0.3803
-0.35028
-0.309
-0.25647
-0.20581
-0.17955
-0.17392
-0.14953
-0.1045
-0.080109
-0.066976
-0.055719
-0.036957
-0.051967
-0.085738
-0.10638
-0.11951
-0.14578
-0.17767
-0.21144
-0.23396
-0.22458
-0.18705
-0.19456
-0.21144
-0.18518
-0.14015
-0.1045
-0.10262
-0.11388
-0.11951
-0.12514
-0.13264
-0.16829
-0.18705
-0.17392
-0.14953
-0.12514
-0.112
-0.10262
-0.08949
-0.063224
-0.046338
-0.04071
-0.044462
-0.020071
-0.0088143
-0.027576
-0.042586
-0.068853
-0.10262
-0.11576
-0.11013
-0.10075
-0.10075
-0.12139
-0.16454
-0.19831
-0.2152
-0.22082
-0.25835
-0.31088
-0.38593
-0.42908
-0.44221
-0.41407
-0.38405
-0.35966
-0.34278
-0.32589
-0.29587
-0.28461
-0.28086
-0.26398
-0.23208
-0.1908
-0.15516
-0.1364
-0.12889
-0.10825
-0.085738
-0.053843
-0.059472
-0.074481
-0.080109
-0.093243
-0.091366
-0.081985
-0.078233
-0.085738
-0.098871
-0.12139
-0.11951
-0.13827
-0.16829
-0.16454
-0.14765
-0.14015
-0.14015
-0.1439
-0.14953
-0.15891
-0.19643
-0.22833
-0.22458
-0.19456
-0.16641
-0.12139
-0.072604
-0.027576
0.023081
0.075614
0.10939
0.13378
0.16379
0.20882
0.2576
0.28575
0.297
0.32702
0.3758
0.40582
0.39832
0.38706
0.39081
0.36455
0.28199
0.22383
0.21258
0.2182
0.2107
0.19006
0.13378
0.075614
0.024957
-0.0088143
-0.04071
-0.063224
-0.063224
-0.063224
-0.051967
-0.035081
-0.014443
0.0061952
0.034338
0.056852
0.098129
0.11126
0.12815
0.16192
0.19944
0.22196
0.23321
0.24072
0.23884
0.23509
0.24072
0.24635
0.24635
0.22946
0.2182
0.19757
0.18631
0.17693
0.16567
0.1319
0.094376
0.071862
0.045595
0.041843
0.073738
0.12064
0.14503
0.18068
0.21445
0.23134
0.24072
0.2501
0.27449
0.28199
0.30451
0.3214
0.33453
0.34391
0.34954
0.36079
0.35892
0.34016
0.32702
0.30826
0.27824
0.22383
0.1713
0.15629
0.16567
0.16192
0.14691
0.12252
0.10376
0.069986
0.056852
0.064357
0.079367
0.083119
0.081243
0.079367
0.079367
0.096252
0.12064
0.15441
0.16004
0.1713
0.18819
0.2107
0.23884
0.26511
0.29513
0.32515
0.33453
0.3289
0.31577
0.29513
0.29325
0.31014
0.30451
0.28575
0.26136
0.23509
0.20882
0.1788
0.15066
0.1244
0.086871
0.030586
-0.0257
-0.059472
-0.091366
-0.12889
-0.16641
-0.19456
-0.2152
-0.25084
-0.2696
-0.26585
-0.24897
-0.21332
-0.18518
-0.16079
-0.14202
-0.11763
-0.087614
-0.074481
-0.066976
-0.05009
-0.018195
0.00056661
0.011824
0.015576
0.023081
0.024957
0.0080714
-0.0257
-0.068853
-0.093243
-0.093243
-0.087614
-0.08949
-0.10825
-0.11576
-0.112
-0.112
-0.11951
-0.14202
-0.14578
-0.1514
-0.15328
-0.14578
-0.1514
-0.15516
-0.14578
-0.13827
-0.1439
-0.14578
-0.17017
-0.18893
-0.19831
-0.19268
-0.1908
-0.19268
-0.19268
-0.19268
-0.18705
-0.16829
-0.1439
-0.12701
-0.11388
-0.11388
-0.112
-0.11388
-0.10638
-0.11576
-0.14202
-0.17204
-0.18518
-0.20957
-0.25835
-0.30338
-0.32401
-0.3409
-0.36341
-0.39719
-0.40844
-0.42908
-0.44034
-0.43659
-0.42158
-0.4197
-0.40469
-0.38405
-0.35028
-0.30525
-0.24521
-0.19456
-0.16079
-0.11576
-0.08949
-0.072604
-0.085738
-0.085738
-0.091366
-0.11013
-0.1439
-0.16079
-0.18705
-0.20019
-0.2152
-0.23583
-0.25084
-0.2621
-0.2696
-0.29024
-0.29212
-0.28837
-0.27711
-0.26022
-0.23959
-0.21707
-0.1833
-0.14578
-0.10638
-0.076357
-0.070728
-0.055719
-0.029452
-0.0013096
-0.0069381
-0.010691
-0.014443
-0.0257
-0.044462
-0.063224
-0.081985
-0.074481
-0.059472
-0.05009
-0.044462
-0.051967
-0.055719
-0.051967
-0.063224
-0.059472
-0.046338
-0.023824
0.026833
0.090624
0.15817
0.19757
0.20507
0.18443
0.19194
0.22383
0.2576
0.30076
0.31764
0.30451
0.30076
0.28012
0.2576
0.22759
0.21445
0.19194
0.1788
0.17505
0.17318
0.16567
0.15441
0.14691
0.1394
