-0.00020038
0.0016723
0.0054178
-0.0020731
0.0016723
0.0054178
-0.0058186
-0.017055
-0.0058186
0.0072905
-0.00020038
-0.0039458
-0.0208
-0.017055
-0.0058186
0.0016723
-0.0020731
0.0091633
0.0091633
-0.0039458
-0.018928
-0.011437
0.0054178
0.014781
0.0091633
0.0035451
-0.0020731
-0.0058186
-0.013309
-0.013309
-0.009564
-0.0039458
-0.0020731
-0.013309
-0.011437
-0.0020731
-0.0020731
-0.0076913
-0.015182
0.0054178
0.0072905
0.0035451
-0.009564
0.0072905
0.014781
0.016654
0.0091633
0.0091633
-0.00020038
0.0035451
0.0072905
0.0204
0.0054178
-0.0020731
-0.0076913
-0.0076913
0.0016723
-0.0039458
0.0035451
0.012909
0.0072905
-0.0020731
-0.009564
-0.0058186
0.0072905
-0.0039458
-0.0020731
0.012909
0.018527
0.0035451
-0.0058186
-0.017055
-0.0020731
0.0035451
0.016654
0.018527
0.012909
0.0016723
-0.0058186
0.0016723
0.0035451
-0.0020731
-0.0058186
-0.0058186
-0.009564
-0.00020038
0.0054178
0.018527
0.018527
0.011036
-0.009564
-0.018928
-0.0058186
0.0054178
0.011036
0.0054178
-0.0020731
-0.0076913
0.0016723
0.016654
0.024145
0.016654
0.0035451
-0.0020731
-0.0039458
-0.011437
-0.0076913
-0.00020038
0.022272
0.027891
0.0035451
-0.0058186
-0.0039458
-0.0076913
-0.00020038
0.0054178
-0.0039458
-0.0020731
0.0035451
0.0054178
-0.011437
-0.028291
-0.013309
-0.0039458
0.0016723
0.0016723
-0.00020038
0.0054178
0.0091633
0.012909
0.0072905
-0.0039458
-0.013309
-0.0020731
0.0072905
0.014781
0.014781
0.0016723
-0.0020731
0.012909
0.027891
0.0072905
-0.0039458
0.0091633
0.012909
0.0016723
-0.009564
-0.017055
-0.011437
-0.0020731
0.0054178
0.014781
0.012909
0.0091633
-0.0020731
-0.0058186
0.0035451
0.0054178
-0.0058186
-0.009564
-0.0058186
0.0016723
0.0035451
-0.0020731
-0.0020731
0.0016723
-0.0020731
-0.0020731
0.0054178
0.011036
0.0072905
0.0035451
-0.0039458
0.0016723
0.0054178
0.0035451
0.0035451
-0.00020038
-0.00020038
0.0016723
0.0035451
-0.00020038
-0.00020038
-0.0039458
0.0035451
0.0091633
0.016654
0.031636
0.016654
0.011036
0.0035451
-0.0076913
-0.0039458
-0.00020038
0.0016723
-0.0058186
-0.013309
-0.0076913
-0.0058186
-0.0076913
-0.013309
-0.009564
0.0035451
0.0091633
0.0072905
0.012909
0.0035451
-0.0020731
-0.0039458
0.0035451
0.011036
0.016654
0.011036
0.0016723
-0.0020731
-0.0058186
-0.0039458
0.0054178
0.0035451
-0.0039458
-0.0039458
0.0035451
0.0035451
-0.00020038
0.0091633
0.0035451
-0.0039458
-0.00020038
0.0035451
0.0035451
-0.009564
-0.013309
-0.009564
-0.013309
-0.009564
-0.009564
-0.011437
-0.009564
0.0035451
0.0091633
0.011036
-0.00020038
-0.0020731
-0.0058186
-0.00020038
-0.011437
-0.0076913
-0.0039458
-0.0020731
-0.00020038
-0.013309
-0.011437
-0.013309
0.0072905
0.014781
0.0091633
0.0016723
-0.0058186
-0.00020038
-0.00020038
-0.0039458
0.0016723
-0.0039458
0.0091633
0.0072905
0.0016723
0.0054178
0.011036
0.0035451
-0.0076913
-0.015182
-0.0039458
0.0072905
0.014781
0.0204
0.011036
-0.0076913
-0.022673
-0.009564
0.0054178
0.024145
0.026018
0.012909
0.016654
0.024145
0.033509
0.022272
-0.0039458
-0.015182
0.0035451
0.011036
-0.00020038
-0.013309
-0.013309
-0.0039458
-0.0058186
-0.00020038
0.0204
0.024145
0.024145
0.0091633
0.0091633
0.022272
0.027891
0.027891
0.018527
-0.0039458
-0.0020731
0.0054178
0.0035451
-0.0076913
-0.0058186
-0.0058186
0.0035451
0.016654
0.018527
0.014781
0.011036
0.0016723
0.0035451
0.0072905
0.011036
0.0035451
-0.00020038
0.0016723
0.0035451
0.011036
0.022272
0.026018
0.014781
0.016654
0.0054178
-0.015182
-0.0208
-0.0039458
0.0016723
-0.0076913
-0.011437
-0.015182
-0.00020038
0.0204
0.012909
-0.011437
0.0016723
0.026018
0.029763
0.011036
-0.0058186
-0.017055
-0.018928
-0.011437
0.0016723
-0.0076913
-0.011437
0.0091633
0.016654
0.0016723
-0.0039458
-0.0020731
0.0016723
-0.00020038
-0.0039458
-0.0020731
0.011036
0.026018
0.024145
-0.0039458
-0.013309
0.0072905
0.016654
0.0072905
0.0072905
0.0072905
-0.00020038
-0.0020731
0.0016723
0.0016723
0.0035451
-0.0058186
-0.028291
-0.022673
-0.0039458
-0.0020731
-0.0076913
-0.015182
-0.013309
-0.0020731
-0.0076913
-0.00020038
0.018527
0.018527
0.0072905
0.0091633
-0.00020038
-0.015182
-0.026419
-0.017055
-0.0020731
0.0072905
0.014781
0.0054178
-0.0208
-0.026419
-0.0039458
0.016654
0.011036
-0.0058186
0.0054178
0.0204
0.012909
0.0072905
0.0091633
0.0072905
0.016654
0.024145
0.031636
0.012909
-0.0076913
-0.0076913
0.0054178
0.024145
0.022272
0.0091633
-0.011437
-0.009564
-0.0058186
-0.018928
-0.028291
-0.017055
-0.018928
-0.013309
-0.011437
0.0054178
0.018527
0.012909
-0.0058186
-0.015182
-0.024546
-0.026419
-0.0076913
0.0204
0.044745
0.016654
-0.0020731
0.0035451
0.0072905
0.0016723
-0.0020731
-0.0058186
-0.0058186
0.0072905
0.0072905
0.012909
0.011036
0.0054178
-0.0058186
-0.0039458
0.0016723
0.0016723
-0.009564
-0.015182
-0.011437
0.012909
0.029763
0.027891
0.027891
0.014781
0.0016723
-0.013309
-0.0058186
-0.00020038
-0.0076913
-0.0076913
-0.0020731
-0.0076913
-0.013309
0.0054178
0.012909
0.0016723
-0.015182
-0.017055
-0.0076913
-0.0039458
-0.011437
-0.0076913
0.0016723
0.0035451
0.011036
0.0091633
0.0054178
0.0054178
-0.0020731
-0.0020731
0.0091633
0.024145
0.0072905
-0.009564
0.0035451
0.033509
0.035381
0.0035451
-0.032037
-0.047018
-0.018928
0.0035451
-0.00020038
0.0016723
-0.0020731
0.0072905
0.0054178
-0.0058186
-0.0058186
-0.009564
-0.0058186
-0.0020731
0.0016723
0.0204
0.024145
0.018527
0.0016723
-0.0039458
0.0035451
0.0054178
0.0054178
0.0016723
0.0091633
0.0016723
-0.0058186
0.0016723
0.0072905
0.012909
0.012909
0.0204
0.011036
0.0035451
0.0016723
0.0054178
0.0072905
-0.009564
-0.0208
-0.015182
-0.009564
-0.0039458
0.0091633
0.012909
0.0016723
-0.013309
-0.0058186
0.016654
0.012909
0.018527
0.014781
0.016654
0.012909
0.0072905
-0.0020731
-0.0039458
-0.0039458
-0.00020038
-0.017055
-0.00020038
0.014781
0.014781
-0.0076913
-0.0076913
0.0204
0.0072905
0.0016723
-0.0058186
-0.013309
-0.022673
-0.0208
-0.015182
0.0054178
0.018527
0.011036
0.012909
0.022272
0.024145
0.012909
-0.00020038
-0.0058186
-0.0020731
-0.0020731
0.0035451
0.016654
-0.0020731
-0.033909
-0.022673
0.0016723
0.014781
0.014781
0.0035451
0.0035451
0.0072905
0.0091633
0.011036
0.022272
0.016654
-0.0076913
-0.015182
-0.018928
-0.0058186
-0.00020038
0.0054178
0.0016723
0.0035451
-0.0058186
-0.0020731
0.0016723
0.011036
0.011036
0.012909
0.0091633
0.0035451
0.0072905
0.0035451
-0.011437
-0.024546
-0.017055
-0.00020038
-0.0020731
-0.00020038
-0.0039458
-0.00020038
-0.015182
-0.017055
-0.0058186
0.0072905
0.012909
0.018527
0.012909
0.012909
0.0072905
0.0054178
-0.0076913
-0.009564
-0.00020038
0.0054178
-0.00020038
0.0054178
-0.0039458
-0.011437
-0.0039458
-0.0020731
-0.00020038
-0.0076913
-0.0076913
-0.011437
-0.015182
-0.0058186
0.012909
0.031636
0.027891
0.0016723
-0.017055
-0.011437
-0.009564
-0.0076913
-0.0058186
-0.00020038
-0.011437
-0.0058186
0.0072905
0.0054178
-0.011437
-0.011437
0.0054178
0.016654
0.016654
0.0054178
-0.013309
-0.024546
-0.0058186
0.0016723
-0.0020731
-0.0058186
-0.0058186
0.0035451
0.024145
0.029763
0.026018
0.014781
0.0072905
-0.0058186
-0.011437
-0.0039458
0.0072905
0.016654
0.011036
0.0072905
-0.00020038
-0.00020038
0.0016723
0.0016723
0.0054178
0.0072905
0.0204
0.012909
-0.00020038
-0.009564
-0.028291
-0.026419
0.0016723
0.024145
0.024145
0.0035451
0.0035451
-0.0039458
0.0016723
0.0204
0.014781
0.0054178
0.0035451
0.0072905
0.012909
0.027891
0.039127
0.031636
0.0035451
-0.024546
-0.033909
-0.015182
0.0016723
0.0016723
0.0054178
-0.00020038
0.0054178
-0.00020038
0.0072905
-0.00020038
0.0035451
0.018527
0.011036
-0.011437
0.0035451
0.026018
0.024145
0.0054178
-0.0058186
0.0035451
0.0035451
-0.0076913
-0.0058186
-0.009564
-0.0039458
-0.0020731
-0.00020038
0.011036
0.012909
0.0035451
-0.0058186
0.0035451
-0.0076913
-0.0058186
-0.009564
-0.017055
-0.035782
-0.018928
0.0035451
0.014781
0.0091633
0.0016723
-0.0020731
0.0035451
0.0072905
0.012909
0.0204
0.011036
-0.0058186
-0.009564
-0.011437
-0.0020731
0.011036
0.011036
-0.0039458
-0.011437
-0.00020038
0.018527
0.031636
0.0204
0.016654
0.0091633
0.0091633
0.0072905
0.0035451
0.0072905
0.018527
0.012909
0.0016723
-0.011437
-0.013309
-0.0058186
0.0035451
0.016654
0.018527
0.016654
0.014781
0.012909
0.016654
0.022272
0.0204
0.0072905
-0.00020038
-0.013309
-0.011437
0.0016723
-0.011437
-0.0039458
-0.0039458
0.0054178
0.0016723
0.0054178
-0.00020038
-0.011437
-0.011437
-0.0058186
-0.0020731
0.0016723
-0.0076913
-0.00020038
0.014781
0.018527
0.0091633
0.0035451
-0.0058186
-0.009564
-0.0076913
-0.0039458
0.011036
0.0054178
-0.0076913
-0.009564
0.0016723
0.011036
-0.011437
-0.030164
-0.024546
-0.0039458
-0.0058186
-0.011437
-0.013309
-0.009564
-0.009564
-0.0058186
-0.013309
-0.0076913
-0.009564
-0.0076913
0.011036
0.027891
0.016654
-0.018928
-0.024546
-0.0039458
0.016654
0.014781
0.0204
0.018527
0.0016723
-0.0020731
-0.0058186
0.0016723
0.016654
0.016654
0.0072905
0.0016723
-0.00020038
0.0035451
0.011036
0.014781
0.012909
0.0072905
-0.0020731
-0.0058186
0.012909
0.029763
0.031636
0.0091633
-0.00020038
0.0054178
0.0204
0.0054178
-0.0020731
-0.0020731
0.0054178
-0.0020731
-0.013309
-0.0058186
0.0035451
-0.0058186
-0.0020731
-0.009564
-0.0020731
0.0016723
-0.0076913
-0.011437
-0.0058186
0.0072905
0.0091633
0.011036
0.0204
0.014781
0.0072905
-0.0020731
0.0072905
0.031636
0.027891
0.0204
0.0072905
-0.015182
-0.018928
-0.013309
-0.0076913
0.0054178
0.014781
0.0091633
0.0054178
-0.0039458
0.0054178
0.0054178
-0.011437
-0.0039458
0.016654
0.0072905
-0.00020038
0.0091633
0.0072905
0.0016723
-0.00020038
0.0054178
0.0035451
-0.0076913
-0.0020731
0.014781
0.027891
0.024145
0.011036
-0.00020038
0.0035451
0.0204
0.014781
0.0054178
0.0072905
-0.0076913
-0.0058186
-0.0058186
-0.0020731
-0.0058186
0.0054178
0.014781
0.014781
0.014781
0.016654
0.014781
0.018527
0.016654
0.018527
0.0204
0.0091633
0.014781
0.0091633
0.0054178
0.026018
0.027891
-0.0020731
-0.018928
-0.013309
-0.0020731
0.012909
0.0204
0.016654
0.0072905
0.0054178
0.0054178
-0.0020731
-0.0058186
-0.0020731
0.0035451
0.031636
0.037254
0.011036
-0.0058186
-0.00020038
0.016654
0.027891
0.011036
-0.013309
-0.018928
-0.009564
0.0072905
0.0072905
0.0054178
0.0035451
-0.0076913
-0.0058186
-0.0058186
-0.0020731
0.0072905
0.035381
0.039127
0.014781
-0.013309
-0.00020038
-0.00020038
-0.00020038
-0.0020731
0.0054178
0.016654
0.014781
0.0091633
0.0016723
0.0035451
0.016654
0.0204
0.014781
-0.0020731
-0.013309
-0.0076913
-0.00020038
-0.0058186
-0.0058186
-0.0076913
0.0016723
0.0091633
0.018527
0.011036
-0.00020038
-0.0076913
-0.0039458
0.012909
0.024145
0.022272
0.0091633
0.0016723
-0.0020731
-0.024546
-0.022673
0.0035451
0.029763
0.026018
0.012909
0.018527
0.012909
0.018527
0.011036
0.0054178
0.0091633
0.0054178
0.0091633
-0.0039458
-0.0058186
0.0091633
0.027891
0.024145
0.026018
0.024145
0.016654
0.014781
0.011036
0.012909
0.0204
0.014781
0.0072905
0.011036
0.024145
0.026018
0.018527
0.0035451
-0.0020731
-0.013309
-0.013309
0.0072905
0.0204
0.026018
0.0072905
-0.0058186
-0.026419
-0.033909
-0.026419
-0.013309
0.0054178
0.024145
0.031636
0.027891
0.022272
0.0091633
-0.0039458
-0.0058186
-0.011437
-0.0020731
0.0035451
0.026018
0.037254
0.024145
-0.00020038
-0.011437
-0.013309
-0.0039458
0.011036
0.012909
0.0091633
0.011036
-0.00020038
-0.015182
-0.0208
-0.032037
-0.030164
-0.011437
0.018527
0.0035451
-0.0039458
-0.011437
-0.015182
-0.0039458
0.0035451
0.0072905
0.0091633
0.0035451
-0.009564
-0.022673
-0.0058186
0.014781
0.031636
0.016654
0.0016723
-0.013309
-0.0076913
-0.017055
-0.024546
-0.015182
-0.0020731
0.016654
0.024145
0.016654
0.022272
0.022272
0.031636
0.016654
-0.0020731
-0.009564
-0.0058186
-0.0039458
-0.018928
-0.017055
-0.011437
0.011036
0.031636
0.033509
0.024145
0.0016723
0.0072905
0.018527
0.012909
-0.0020731
-0.015182
-0.009564
0.0035451
0.011036
0.012909
0.0054178
-0.0058186
-0.013309
-0.015182
-0.013309
0.0016723
0.0016723
-0.0020731
-0.0076913
-0.0208
0.0035451
0.022272
0.024145
0.018527
0.0035451
-0.013309
-0.015182
-0.0039458
0.0016723
0.0091633
0.0035451
0.0035451
0.0016723
0.0035451
-0.0058186
-0.011437
-0.009564
0.0072905
0.0054178
-0.0076913
-0.022673
-0.015182
-0.009564
-0.011437
-0.0020731
0.0016723
-0.0058186
-0.013309
-0.017055
0.0054178
0.024145
0.031636
0.016654
-0.0020731
-0.013309
-0.026419
-0.035782
-0.015182
-0.011437
0.0016723
0.0091633
-0.0020731
-0.0058186
-0.0020731
0.011036
0.0072905
-0.011437
-0.0039458
0.012909
0.024145
0.014781
0.011036
0.016654
0.012909
0.0035451
-0.0039458
0.0016723
0.0091633
0.0091633
0.0091633
0.0091633
-0.0020731
-0.011437
-0.011437
-0.015182
-0.0076913
-0.0039458
0.0035451
0.0016723
-0.0020731
-0.0020731
0.0054178
-0.00020038
0.0016723
0.0035451
-0.0020731
-0.0058186
-0.013309
-0.0020731
0.0072905
0.012909
0.012909
0.0016723
0.011036
0.014781
0.011036
0.0016723
-0.0058186
0.0054178
0.0091633
0.011036
0.0091633
-0.0020731
0.0072905
0.011036
0.014781
0.011036
-0.00020038
-0.0058186
-0.0039458
-0.0020731
-0.00020038
0.0072905
0.016654
0.018527
0.022272
0.012909
0.0072905
0.0016723
0.0016723
-0.0020731
-0.00020038
-0.0020731
0.0016723
0.0072905
0.016654
0.0072905
0.0035451
0.0035451
-0.0058186
0.0035451
0.0072905
0.018527
0.037254
0.026018
0.011036
-0.0039458
-0.018928
-0.018928
-0.00020038
0.011036
0.0091633
0.0072905
-0.0076913
-0.024546
-0.011437
0.011036
0.018527
0.0054178
0.011036
0.016654
0.016654
0.024145
0.026018
0.024145
0.0204
0.0204
-0.0039458
-0.0208
-0.011437
0.0035451
0.011036
-0.0020731
-0.0076913
-0.013309
-0.024546
-0.024546
0.0016723
0.037254
0.037254
0.027891
0.0204
0.011036
0.0016723
-0.011437
-0.0076913
-0.0039458
0.0016723
0.0054178
0.0016723
0.0054178
-0.0020731
0.016654
0.012909
0.011036
0.011036
0.0016723
0.0054178
0.024145
0.031636
0.031636
0.0072905
-0.0076913
0.0016723
0.0072905
0.0016723
0.0035451
-0.009564
-0.011437
-0.0020731
0.022272
0.026018
0.0072905
-0.0039458
-0.0020731
0.0072905
0.0072905
-0.0058186
-0.0058186
0.0016723
-0.0020731
-0.011437
-0.013309
-0.009564
0.0035451
0.012909
0.012909
-0.0076913
-0.009564
-0.0058186
0.011036
0.012909
0.016654
0.016654
0.018527
0.018527
0.012909
0.0072905
-0.0020731
-0.018928
-0.0058186
-0.0020731
-0.011437
-0.011437
-0.0039458
0.0016723
0.012909
0.014781
0.0091633
0.0016723
0.0016723
-0.0039458
-0.0076913
-0.0020731
0.012909
0.018527
0.0054178
-0.011437
-0.0058186
0.016654
0.022272
0.027891
0.022272
0.011036
0.0204
0.029763
0.018527
0.014781
0.011036
0.0054178
0.0035451
-0.0058186
-0.009564
-0.0020731
-0.0058186
-0.011437
-0.011437
-0.0020731
-0.00020038
-0.0058186
-0.013309
0.0072905
0.029763
0.026018
-0.0020731
-0.0058186
0.0035451
0.0072905
-0.0020731
0.011036
0.016654
0.012909
0.016654
0.0035451
-0.00020038
0.0016723
0.0072905
0.0016723
-0.00020038
0.0035451
0.0072905
-0.0039458
-0.0058186
0.0091633
0.0072905
0.0035451
0.011036
0.018527
0.022272
0.016654
0.0204
0.012909
0.0016723
-0.0020731
0.0035451
-0.0020731
-0.0020731
-0.0058186
-0.0020731
-0.0058186
-0.011437
-0.017055
0.0091633
0.011036
0.0054178
-0.0058186
-0.0076913
-0.0020731
0.0016723
0.011036
-0.0020731
-0.0076913
0.0091633
0.0072905
-0.0020731
-0.0020731
0.0091633
0.018527
0.024145
0.026018
0.022272
0.0091633
0.0054178
0.018527
0.022272
0.0035451
-0.018928
-0.017055
0.011036
0.037254
0.041
0.029763
0.022272
0.0035451
0.0072905
0.022272
0.027891
0.024145
0.016654
0.0016723
-0.0058186
-0.011437
-0.0058186
0.014781
0.014781
-0.0020731
-0.013309
0.0054178
0.033509
0.041
0.0091633
-0.011437
-0.013309
-0.0076913
0.0054178
-0.0076913
-0.0208
-0.015182
-0.00020038
0.011036
0.018527
0.022272
0.014781
-0.00020038
-0.011437
-0.018928
-0.013309
-0.015182
0.0054178
0.011036
0.014781
0.016654
0.012909
0.0054178
0.018527
0.026018
0.016654
0.0072905
0.0091633
0.0091633
0.0091633
-0.0039458
-0.011437
-0.0058186
0.0016723
-0.0020731
-0.009564
-0.0020731
0.0054178
0.0035451
-0.00020038
0.016654
0.0054178
0.0035451
0.014781
0.027891
0.024145
0.0054178
-0.0076913
-0.009564
-0.009564
-0.017055
0.0016723
-0.0039458
-0.011437
-0.017055
-0.009564
0.0091633
0.0054178
0.0035451
-0.0058186
-0.013309
0.0016723
0.012909
0.016654
0.0204
0.0204
0.0204
0.031636
0.033509
0.022272
0.012909
0.0072905
0.0072905
0.024145
0.024145
0.0035451
0.0035451
0.018527
0.027891
0.022272
0.0091633
-0.0076913
-0.009564
0.0091633
0.024145
0.026018
0.0204
0.011036
0.0035451
0.0091633
0.022272
0.054109
0.044745
0.014781
-0.0039458
0.011036
0.011036
0.0035451
-0.0020731
0.0072905
0.018527
-0.00020038
-0.009564
-0.0076913
0.0072905
0.0204
0.022272
0.011036
0.011036
0.026018
0.018527
0.0054178
0.0016723
-0.0020731
-0.0020731
0.0091633
0.016654
0.011036
-0.0076913
-0.011437
0.0035451
0.014781
0.0054178
-0.011437
-0.011437
-0.0020731
0.011036
0.012909
0.0072905
-0.00020038
0.0072905
-0.0058186
-0.0058186
-0.0058186
0.0072905
0.024145
0.027891
0.016654
-0.0076913
-0.0076913
-0.0020731
0.0016723
0.011036
0.0204
0.022272
0.011036
-0.0039458
-0.013309
0.0035451
0.018527
0.033509
0.033509
0.011036
-0.0039458
0.016654
0.041
0.046618
0.022272
-0.0076913
-0.018928
-0.011437
0.0072905
0.0091633
0.0091633
0.014781
0.011036
0.0091633
-0.00020038
0.0016723
0.016654
0.035381
0.041
0.012909
0.0016723
0.0035451
0.014781
0.022272
0.0016723
-0.011437
0.0054178
0.0204
0.012909
0.012909
0.018527
0.033509
0.029763
0.0091633
-0.0039458
-0.009564
0.0054178
0.0054178
-0.0076913
-0.0020731
0.0091633
0.0091633
-0.0076913
-0.015182
-0.00020038
0.016654
0.012909
0.011036
0.018527
0.024145
0.024145
0.016654
0.0072905
0.014781
0.016654
0.016654
0.016654
-0.0020731
0.0035451
0.0016723
-0.00020038
-0.0020731
0.0035451
0.0035451
0.011036
-0.0039458
-0.013309
-0.0020731
0.012909
0.018527
0.0091633
0.0016723
0.012909
0.024145
0.022272
-0.0020731
-0.009564
0.022272
0.041
0.027891
0.0016723
-0.013309
-0.0076913
-0.0020731
0.0091633
0.011036
0.0054178
0.011036
0.024145
0.024145
0.033509
0.026018
0.0091633
0.0072905
0.022272
0.022272
0.012909
0.0054178
0.0035451
0.0035451
0.012909
0.012909
0.014781
0.026018
0.037254
0.024145
0.012909
0.0091633
0.033509
0.052236
0.041
0.018527
0.0035451
0.0035451
0.018527
0.035381
0.024145
0.031636
0.031636
0.029763
0.022272
0.012909
0.018527
0.014781
0.0072905
0.0016723
0.0035451
0.012909
0.0035451
0.0016723
0.0054178
0.0072905
0.0091633
0.0016723
0.0035451
0.0035451
0.012909
0.026018
0.037254
0.033509
0.022272
0.016654
0.0091633
0.024145
0.024145
0.012909
0.0054178
0.011036
0.012909
0.011036
0.0072905
0.014781
0.016654
0.011036
0.0072905
0.0072905
0.022272
0.031636
0.024145
0.012909
0.016654
0.018527
0.027891
0.041
0.037254
0.027891
0.014781
0.0016723
-0.0039458
-0.0020731
0.012909
0.0091633
0.022272
0.026018
0.027891
0.011036
0.012909
0.033509
0.035381
0.024145
0.018527
0.014781
0.0091633
0.0072905
0.026018
0.031636
0.027891
0.027891
0.044745
0.046618
0.037254
0.027891
0.018527
0.026018
0.033509
0.037254
0.029763
0.014781
0.024145
0.039127
0.035381
0.026018
0.026018
0.029763
0.026018
0.016654
-0.0020731
-0.018928
-0.013309
0.0016723
0.016654
0.018527
0.012909
0.012909
0.022272
0.033509
0.039127
0.029763
0.016654
0.012909
0.011036
0.026018
0.039127
0.035381
0.016654
0.016654
0.0204
0.033509
0.035381
0.041
0.042872
0.029763
0.033509
0.037254
0.037254
0.029763
0.026018
0.012909
0.024145
0.027891
0.037254
0.027891
0.0204
0.014781
0.011036
0.0054178
0.018527
0.031636
0.024145
0.016654
0.022272
0.027891
0.027891
0.027891
0.027891
0.018527
0.011036
0.0091633
0.014781
0.022272
0.037254
0.04849
0.044745
0.039127
0.027891
0.0204
0.012909
0.016654
0.024145
0.027891
0.029763
0.029763
0.037254
0.046618
0.044745
0.037254
0.041
0.037254
0.041
0.027891
0.031636
0.027891
0.011036
0.0091633
0.024145
0.044745
0.046618
0.046618
0.055981
0.057854
0.0616
0.063472
0.029763
0.014781
0.029763
0.0616
0.0616
0.037254
0.041
0.0616
0.072836
0.070963
0.076581
0.074709
0.050363
0.031636
0.026018
0.037254
0.046618
0.065345
0.072836
0.072836
0.072836
0.070963
0.063472
0.067218
0.063472
0.057854
0.054109
0.067218
0.085945
0.095309
0.10093
0.10654
0.10654
0.095309
0.084072
0.076581
0.070963
0.072836
0.084072
0.087818
0.082199
0.10093
0.11029
0.10654
0.091563
0.074709
0.072836
0.080327
0.10093
0.10842
0.12153
0.10654
0.08969
0.1028
0.11591
0.11778
0.10842
0.10842
0.10467
0.11591
0.13089
0.14025
0.13089
0.11778
0.12153
0.15711
0.15336
0.1234
0.10842
0.12714
0.144
0.15898
0.15711
0.144
0.14213
0.15524
0.17209
0.18145
0.17209
0.17396
0.17771
0.17396
0.17771
0.1852
0.20205
0.20767
0.22078
0.22265
0.24138
0.25636
0.26385
0.25449
0.25824
0.2676
0.26947
0.26573
0.26385
0.27322
0.29569
0.31629
0.32753
0.33127
0.31442
0.29569
0.2882
0.30505
0.33876
0.33876
0.31816
0.32378
0.35562
0.37996
0.38371
0.37622
0.3706
0.37622
0.38745
0.40431
0.42304
0.42491
0.40805
0.38933
0.37809
0.37622
0.40993
0.43989
0.46611
0.4736
0.46798
0.453
0.43989
0.44176
0.4736
0.50918
0.53165
0.54664
0.58784
0.64214
0.66462
0.67585
0.6796
0.70207
0.81069
0.61031
-0.5358
-0.32231
0.84627
1.4905
1.3669
1.0635
0.94553
1.0429
1.2115
1.3369
1.4025
1.438
1.4961
1.5991
1.7171
1.8781
2.0804
2.2621
2.4081
2.5617
2.7452
2.955
3.1684
3.3501
3.4962
3.6235
3.7621
3.9232
4.1722
4.4831
4.882
5.3708
5.8333
6.133
6.3483
6.5731
6.8671
7.236
7.56
7.8091
8.1256
8.6368
9.3503
10.174
11.105
12.307
13.931
15.897
17.918
19.941
21.868
23.463
24.531
24.344
22.334
19.135
15.95
13.938
13.691
14.626
16.141
18.568
22.375
26.381
28.404
28.533
28.138
29.001
30.32
29.698
27.035
24.583
25.036
28.701
33.93
37.614
37.743
33.159
25.815
19.16
16.028
15.989
16.678
16.298
13.918
10.064
4.3857
-2.5415
-8.4518
-11.682
-12.527
-12.508
-12.287
-11.589
-11.216
-12.205
-13.621
-13.478
-10.744
-6.9349
-3.4947
-1.0339
0.65338
2.4849
4.4662
5.4195
5.6498
6.2191
6.8689
6.3352
3.9063
0.44176
-2.3598
-3.5378
-3.5116
-2.7325
-1.9965
-1.9291
-1.4722
-0.017055
1.2658
0.96613
-0.42156
-1.8654
-3.8824
-6.0809
-6.257
-4.0958
-1.5003
-0.2268
-0.093837
0.3912
1.4306
1.3238
-0.42156
-2.6913
-4.3637
-4.8805
-4.3674
-3.137
-1.5489
0.08969
1.3594
2.3969
3.9157
5.8221
7.0413
6.9888
6.7154
7.3353
8.9795
10.905
12.163
11.798
9.9402
7.3353
4.7359
2.8314
1.9156
1.6759
1.7358
1.8669
1.8088
1.5841
0.79196
-0.1444
-0.76052
-1.2699
-1.5171
-1.2306
-0.60134
-0.83918
-2.4516
-4.4142
-5.4948
-5.5828
-5.0978
-4.5341
-4.4292
-4.7925
-4.873
-4.3637
-3.6108
-2.9947
-2.446
-2.3243
-2.7887
-3.3842
-3.4179
-2.4141
-0.70435
0.71705
1.1796
0.9474
0.79571
1.1347
1.8444
2.6029
2.7995
2.3051
1.601
1.3575
1.7751
2.0411
0.99609
-1.4909
-4.0659
-6.0791
-7.0023
-6.3637
-4.7513
-3.5528
-3.8898
-5.7139
-7.7214
-7.8956
-5.5996
-3.0172
-2.9067
-4.8168
-6.6147
-7.508
-6.6222
-3.431
0.52042
1.7789
-2.5902
-10.954
-20.145
-24.87
-23.022
-19.581
-19.125
-20.518
-23.758
-29.241
-34.073
-32.582
-27.084
-25.387
-27.245
-24.741
-16.269
-5.948
2.1459
4.0505
-2.9947
-12.877
-16.92
-13.227
-7.5042
-7.0341
-9.1616
-10.536
-8.9499
-4.1052
2.1853
4.9401
1.6441
-4.5528
-8.7252
-10.308
-10.238
-9.8414
-10.568
-12.501
-11.931
-7.3188
-1.7606
3.9737
7.1592
7.4289
7.7229
9.5338
13.362
16.626
15.326
10.671
5.485
3.5842
4.5842
4.3445
1.4137
-0.41969
-0.13691
-0.6388
-1.4478
-0.90098
0.13464
-0.72682
-4.1651
-8.0361
-9.8395
-9.4406
-9.4462
-11.559
-14.452
-15.553
-13.252
-9.2178
-6.3413
-5.6465
-5.7364
-5.7757
-5.5697
-4.9461
-3.5378
-2.3243
-2.3111
-2.3224
0.012909
4.1722
7.1031
6.6274
4.0861
2.0205
0.81631
-0.32044
-1.8392
-4.9311
-6.6072
-6.6671
-6.6109
-5.9611
-4.1502
-2.2456
-2.0583
-3.8674
-5.4217
-5.0715
-3.2381
-1.4179
0.51293
2.9699
4.8258
5.1891
4.8932
5.1873
6.0618
6.7622
7.3915
8.8615
10.704
12.156
13.807
17.036
24.106
35.646
47.027
52.342
52.108
47.881
44.337
45.115
49.422
51.872
47.401
36.301
29.248
31.413
31.979
27.055
20.634
13.957
8.2492
4.3576
3.3164
5.4944
6.8746
4.528
1.4306
-0.76052
-1.0115
3.8164
11.27
15.053
13.637
10.532
8.2117
6.7416
5.6367
4.3764
2.6684
3.2752
4.9101
-6.9499
-41.631
-61.33
-61.33
-61.33
-47.873
-14.997
7.1649
12.571
8.693
10.026
19.742
31.647
34.979
27.04
16.547
10.654
7.6574
3.6404
0.87436
0.72829
-1.1613
-7.8806
-18.816
-24.812
-20.31
-11.289
-4.3393
-0.13691
2.4999
5.3202
7.9289
7.6723
4.8408
1.9119
-0.88225
-4.3281
-5.6465
-2.9123
1.7845
4.2696
3.2733
0.30693
-3.4872
-6.7439
-6.7607
-4.0359
-0.29609
2.955
4.2453
4.6779
5.6648
6.2547
6.6087
7.6892
8.4308
6.8671
4.2097
2.086
0.065345
-2.6482
-5.0697
-6.903
-9.4668
-12.538
-13.626
-11.54
-8.8413
-8.6952
-10.675
-12.65
-13.709
-14.725
-15.171
-13.924
-11.886
-10.057
-8.2908
-6.6821
-5.4704
-5.8674
-7.8938
-9.3245
-8.3619
-5.5716
-3.1333
-2.1857
-1.8392
-0.57887
1.5298
2.5261
1.7808
1.101
1.262
0.92867
-0.033909
-0.56576
-0.015182
2.2358
4.4962
4.116
0.29194
-4.6109
-6.7214
-5.0921
-2.461
-2.2662
-3.8243
-3.5041
-2.137
-1.7306
-2.4216
-3.0022
-2.1613
-0.16125
1.468
2.4774
3.0748
2.616
1.0953
0.11778
0.57285
1.0017
0.83316
0.37622
-0.24178
-1.2399
-2.2306
-2.3992
-1.4497
-0.48711
0.21891
1.1309
1.7452
1.1272
-0.12005
-0.54142
0.12153
0.69271
0.14587
-1.0639
-1.8711
-2.3655
-2.8692
-3.1539
-3.0359
-2.564
-1.9141
-0.85791
0.24325
0.51667
-0.21182
-0.83356
-0.88412
-0.4534
0.23764
0.64589
0.53914
0.34625
0.24887
0.082199
-0.018928
0.1646
1.1422
2.6853
3.5093
2.9943
1.8856
1.3144
1.4512
1.9437
2.4943
2.9119
3.1179
2.9212
2.0804
0.52229
-1.0714
-1.5808
-0.84854
-0.060127
-0.050764
-0.74742
-1.5396
-2.1651
-2.3018
-2.2194
-2.0396
-1.5115
-0.92907
-0.81109
-1.4122
-2.0958
-1.9254
-1.1575
-0.63318
-0.63131
-1.3542
-2.4497
-3.0153
-2.7082
-1.8898
-0.84106
0.35374
0.9474
0.42116
-0.39909
-0.73431
-1.2156
-2.1201
-2.7962
-2.7643
-2.3505
-2.1932
-2.8224
-4.3711
-5.4948
-5.0528
-3.4086
-1.9497
-1.8392
-2.8936
-3.961
-4.079
-3.2868
-2.2887
-1.843
-1.5527
-0.7624
0.17771
0.59345
0.37809
0.50544
1.7508
3.2902
3.8389
2.7939
0.86687
-0.52831
-0.57138
0.61967
2.056
2.6329
2.1647
1.1684
0.29194
-0.22305
-0.36725
-0.0039458
0.99983
2.3744
3.4231
3.7696
3.6235
3.2471
2.5373
1.9193
1.6778
1.2452
0.43053
-0.17811
-0.41782
-0.61633
-0.95529
-1.2418
-1.3785
-1.4628
-1.3261
-1.1557
-1.0096
-0.97027
-1.1238
-1.2643
-1.4441
-1.637
-1.6014
-1.4591
-1.3223
-1.2531
-1.2306
-1.1407
-0.93282
-0.886
-1.2905
-1.7905
-1.9403
-1.9403
-2.0153
-1.9272
-1.4572
-0.69685
-0.23804
-0.15564
0.067218
0.51105
0.99235
1.4306
1.6366
1.6441
1.6103
1.4362
1.0991
0.75638
0.65713
0.97361
1.5523
1.9343
1.7639
1.1665
0.47547
-0.018928
-0.0208
0.38184
-0.18185
-0.17062
0.45487
1.2864
1.7695
1.6441
1.4081
1.5991
0.93991
-0.062001
-0.15002
-0.030164
0.082199
0.3706
0.968
1.6029
1.8519
1.7302
1.5354
1.4268
1.513
1.8145
2.1197
2.1647
2.2021
2.3688
2.3875
2.1778
1.88
1.7002
1.5017
1.3013
1.3894
1.6609
1.6815
1.3294
0.88373
0.74327
1.1497
1.9193
2.6928
3.219
3.3819
3.1928
2.7677
2.41
2.2471
2.0692
1.9231
2.1029
2.4493
2.6141
2.6441
2.7377
2.837
2.7845
2.5598
2.4025
2.4437
2.6403
2.9269
3.1347
3.1497
3.058
2.852
2.4793
2.1478
1.9062
1.5429
1.1983
1.0504
0.85751
0.35187
-0.093837
-0.13504
-0.022673
-0.21182
-0.82795
-1.5003
-1.843
-1.8692
-1.7231
-1.5489
-1.4909
-1.6576
-1.8336
-1.6894
-1.1969
-0.8448
-0.87476
-1.092
-1.3261
-1.416
-1.3467
-1.2624
-1.416
-1.74
-1.9385
-1.7793
-1.4759
-1.3935
-1.5527
-1.7624
-1.901
-1.9197
-1.7924
-1.592
-1.2961
-0.95342
-0.92907
-1.4197
-2.0565
-2.2194
-1.8842
-1.4871
-1.2512
-1.2737
-1.4984
-1.6931
-1.5976
-1.3429
-1.2774
-1.4253
-1.4834
-1.3767
-1.2474
-1.1351
-1.1014
-1.21
-1.3373
-1.2793
-1.0396
-0.82607
-0.76615
-0.73805
-0.55827
-0.28673
-0.165
-0.23055
-0.27736
-0.18185
-0.035782
0.072836
0.11778
0.06909
-0.065746
-0.054509
0.076581
0.13089
0.012909
-0.26613
-0.60322
-0.83918
-0.94218
-1.0396
-1.1201
-1.1501
-1.0583
-0.95155
-0.75491
-0.56764
-0.77551
-1.1894
-1.2868
-0.76052
-0.21744
-0.43655
-0.73993
-0.72307
-0.53393
-0.45153
-0.5564
-0.59385
-0.51333
-0.48711
-0.75678
-1.0508
-0.99462
-0.68749
-0.42905
-0.35415
-0.43842
-0.58262
-0.71933
-0.66689
-0.68936
-0.99087
-0.98713
-0.76802
-0.85229
-1.0096
-0.98151
-0.80734
-0.79611
-0.84667
-0.68
-0.33167
-0.19871
-0.39722
-0.53393
-0.26051
0.063472
0.11216
0.21516
0.3912
0.45862
0.42304
0.2676
0.17584
0.14025
0.36124
0.5148
0.44738
0.29194
0.22078
0.28633
0.45113
0.55038
0.54476
0.54476
0.60656
0.68147
0.75638
0.91369
1.1197
1.2058
1.1122
0.9474
0.82754
0.83691
0.93803
1.056
1.1422
1.1347
1.0879
1.0616
1.0785
1.1515
1.2152
1.2864
1.3444
1.3182
1.2676
1.2489
1.2508
1.2789
1.3051
1.2864
1.2714
1.3351
1.4362
1.5223
1.5317
1.5036
1.4905
1.4661
1.4212
1.3163
1.2077
1.1085
1.0317
0.98111
0.96051
0.97549
1.0204
1.0972
1.1534
1.2358
1.3631
1.498
1.6403
1.7826
1.8669
1.8725
1.8088
1.7489
1.7527
1.7826
1.7133
1.556
1.4268
1.4081
1.4774
1.5616
1.6178
1.556
1.3144
0.94927
0.68896
0.60844
0.62342
0.63278
0.60656
0.58034
0.56724
0.556
0.50356
0.46611
0.4736
0.53165
0.58971
0.64027
0.75263
0.88373
0.91931
0.81069
0.62342
0.3912
0.144
-0.017055
-0.10695
-0.165
-0.21369
-0.27175
-0.32231
-0.3298
-0.29609
-0.24553
-0.20807
-0.15376
-0.090091
-0.047018
-0.028291
-0.0208
-0.013309
-0.033909
-0.10882
-0.21931
-0.32044
-0.4122
-0.50209
-0.55827
-0.63505
-0.78487
-0.96466
-1.0283
-1.0265
-1.0639
-1.1538
-1.2493
-1.4085
-1.5752
-1.6482
-1.6107
-1.5021
-1.3748
-1.2905
-1.2306
-1.1407
-1.0658
-1.019
-0.97589
-0.94405
-0.91409
-0.87851
-0.82607
-0.72869
-0.64067
-0.56576
-0.49647
-0.44778
-0.34665
-0.19122
-0.045146
0.050363
0.17209
0.37247
0.61967
0.87249
1.0729
1.2133
1.2414
1.1159
0.96051
0.83691
0.76387
0.659
0.49607
0.30318
0.12714
-0.0076913
-0.11444
-0.21182
-0.29796
-0.36538
-0.38411
-0.35789
-0.28298
-0.17062
-0.080728
-0.060127
-0.090091
-0.1444
-0.17624
-0.20807
-0.27175
-0.37849
-0.50209
-0.6182
-0.69685
-0.70996
-0.69685
-0.71746
-0.76052
-0.81671
-0.8448
-0.84106
-0.86165
-0.91222
-0.9684
-1.0321
-1.0751
-1.0808
-1.0508
-1.0171
-1.0302
-1.1107
-1.2137
-1.2587
-1.2306
-1.1444
-1.0283
-0.9066
-0.75491
-0.63318
-0.56764
-0.56202
-0.57513
-0.60697
-0.62944
-0.62756
-0.56951
-0.44216
-0.29047
-0.1856
-0.1444
-0.15189
-0.21369
-0.28485
-0.28485
-0.15938
0.022272
0.17771
0.27322
0.31067
0.28258
0.25262
0.2676
0.31629
0.36124
0.36124
0.29382
0.2264
0.18707
0.18707
0.19082
0.19831
0.23202
0.28258
0.29382
0.28633
0.26573
0.22827
0.18145
0.14775
0.093436
0.027891
-0.047018
-0.11444
-0.16687
-0.22867
-0.29796
-0.36351
-0.38411
-0.33729
-0.2474
-0.14815
-0.12942
-0.25115
-0.45714
-0.64816
-0.74367
-0.76052
-0.80173
-0.8242
-0.79985
-0.72869
-0.73431
-0.89162
-1.1388
-1.3242
-1.3954
-1.3804
-1.3261
-1.3036
-1.371
-1.4665
-1.4122
-1.1725
-0.886
-0.74554
-0.7006
-0.5358
-0.12567
0.40805
0.81443
1.0448
1.2395
1.4043
1.4512
1.3182
1.1103
0.93055
0.86875
0.91556
0.91556
0.81256
0.73765
0.80132
0.9268
0.99609
0.93991
0.77136
0.62716
0.61031
0.659
0.57847
0.24325
-0.18747
-0.38785
-0.35789
-0.268
-0.18935
-0.099455
0.012909
0.13838
0.23014
0.19082
0.014781
-0.16687
-0.19684
-0.060127
0.072836
0.067218
-0.086346
-0.33355
-0.51333
-0.5976
-0.59573
-0.55265
-0.60322
-0.81671
-1.092
-1.2399
-1.2512
-1.1707
-1.0751
-1.0564
-1.2044
-1.3991
-1.4235
-1.1575
-0.71558
-0.36164
-0.26051
-0.39909
-0.65753
-0.85791
-0.92533
-0.81671
-0.58074
-0.29235
-0.050764
0.054109
0.037254
0.057854
0.22078
0.46049
0.65713
0.762
0.76574
0.70394
0.68896
0.81818
1.0111
1.0991
0.97549
0.79384
0.69083
0.68335
0.68335
0.67024
0.67585
0.71518
0.68709
0.5972
0.5354
0.47547
0.36685
0.19831
0.033509
-0.058255
-0.0826
-0.099455
-0.10507
-0.048891
0.014781
0.016654
-0.033909
-0.091964
-0.11631
-0.12567
-0.15564
-0.21931
-0.30733
-0.35227
-0.37849
-0.3916
-0.37662
-0.35976
-0.39535
-0.49085
-0.55453
-0.57887
-0.61445
-0.67251
-0.77926
-0.89349
-0.94592
-0.92158
-0.87664
-0.87664
-0.88412
-0.89162
-0.87289
-0.80173
-0.67813
-0.52456
-0.36538
-0.19871
-0.0208
0.16834
0.29944
0.36685
0.41367
0.45113
0.46611
0.49607
0.58596
0.66836
0.74327
0.8238
0.85564
0.85376
0.85564
0.8856
0.93242
0.97736
0.96613
0.89496
0.82567
0.75638
0.66274
0.57098
0.47547
0.38933
0.33314
0.33689
0.36311
0.37434
0.33689
0.27509
0.20205
0.14962
0.16647
0.20205
0.22453
0.20018
0.18333
0.18145
0.20767
0.25074
0.31254
0.36124
0.4118
0.44364
0.40805
0.3088
0.22265
0.24138
0.3294
0.39682
0.3912
0.32191
0.23389
0.17396
0.14775
0.11965
0.087818
0.04849
-0.0020731
-0.088219
-0.10695
-0.067618
0.012909
0.027891
-0.035782
-0.075109
-0.035782
0.014781
0.026018
0.037254
0.044745
0.070963
0.11216
0.16273
0.24887
0.35
0.42304
0.46798
0.50731
0.52791
0.54289
0.53165
0.53727
0.56724
0.6178
0.659
0.68147
0.69271
0.71893
0.72267
0.69271
0.6178
0.56536
0.57285
0.63653
0.69646
0.75451
0.79384
0.77698
0.73578
0.6796
0.65525
0.659
0.65338
0.65338
0.64964
0.61405
0.56349
0.50731
0.47173
0.47547
0.51854
0.55038
0.54102
0.48109
0.40805
0.35374
0.33689
0.33127
0.29569
0.21704
0.13464
0.078454
0.037254
0.0091633
-0.009564
-0.00020038
-0.0208
-0.050764
-0.099455
-0.13504
-0.15376
-0.20245
-0.24365
-0.23429
-0.18373
-0.14815
-0.15002
-0.17436
-0.17062
-0.13316
-0.099455
-0.086346
-0.063873
-0.062001
-0.071364
-0.052637
-0.017055
0.012909
0.022272
0.024145
0.046618
0.080327
0.097181
0.10654
0.12153
0.13651
0.12714
0.12902
0.13276
0.11404
0.085945
0.085945
0.10093
0.13089
0.13276
0.11965
0.093436
0.063472
0.022272
-0.011437
-0.037655
-0.054509
-0.062001
-0.090091
-0.11444
-0.13691
-0.18935
-0.26051
-0.31482
-0.36913
-0.41033
-0.3916
-0.32793
-0.27549
-0.27549
-0.28673
-0.28111
-0.26238
-0.26051
-0.27362
-0.24553
-0.19496
-0.15376
-0.19309
-0.28485
-0.35789
-0.38598
-0.38036
-0.35415
-0.34853
-0.34853
-0.33729
-0.32793
-0.32605
-0.29609
-0.2474
-0.21744
-0.22305
-0.26425
-0.30358
-0.31295
-0.28673
-0.21931
-0.1856
-0.23055
-0.29047
-0.36164
-0.40284
-0.41407
-0.40845
-0.40658
-0.41782
-0.43467
-0.46464
-0.49085
-0.49273
-0.47962
-0.48711
-0.50209
-0.52269
-0.51707
-0.49085
-0.43842
-0.38598
-0.37662
-0.41595
-0.45153
-0.45902
-0.44216
-0.42344
-0.38036
-0.32793
-0.27736
-0.24553
-0.24365
-0.27549
-0.31669
-0.32231
-0.29422
-0.25864
-0.26613
-0.29984
-0.34478
-0.36538
-0.36725
-0.34853
-0.33167
-0.33729
-0.33542
-0.30733
-0.28298
-0.26051
-0.24365
-0.23616
-0.2474
-0.27736
-0.26238
-0.24365
-0.20433
-0.16687
-0.13878
-0.10695
-0.099455
-0.086346
-0.062001
-0.037655
-0.0208
-0.024546
-0.018928
0.0204
0.067218
0.087818
0.078454
0.078454
0.08969
0.10654
0.10467
0.10093
0.11591
0.14587
0.15336
0.14962
0.16273
0.17396
0.16834
0.13838
0.091563
0.042872
0.029763
0.035381
0.027891
0.011036
0.016654
0.0054178
-0.0058186
-0.00020038
0.031636
0.072836
0.1028
0.11404
0.12714
0.14962
0.18707
0.23389
0.25074
0.27696
0.30693
0.31816
0.30318
0.26198
0.22078
0.19082
0.17771
0.15336
0.12714
0.10842
0.10467
0.10654
0.1028
0.1028
0.074709
0.067218
0.070963
0.070963
0.054109
0.041
0.039127
0.044745
0.050363
0.050363
0.067218
0.078454
0.074709
0.06909
0.091563
0.12714
0.13651
0.11591
0.13464
0.18333
0.24887
0.2882
0.3088
0.31816
0.32191
0.31629
0.29569
0.29007
0.29569
0.31816
0.33876
0.35936
0.35
0.31254
0.27322
0.27322
0.32191
0.36498
0.38184
0.36873
0.34625
0.29756
0.2882
0.30131
0.31442
0.29944
0.26385
0.24325
0.23014
0.21704
0.19269
0.14962
0.091563
0.055981
0.037254
0.0035451
-0.037655
-0.067618
-0.062001
-0.043273
-0.056382
-0.080728
-0.097582
-0.097582
-0.11256
-0.11444
-0.11818
-0.13316
-0.13878
-0.14627
-0.14065
-0.093837
-0.062001
-0.050764
-0.047018
-0.037655
-0.043273
-0.048891
-0.030164
-0.0020731
-0.009564
-0.035782
-0.063873
-0.090091
-0.12193
-0.15938
-0.19496
-0.23242
-0.2474
-0.25302
-0.25676
-0.25489
-0.25302
-0.25115
-0.24927
-0.25489
-0.26987
-0.27175
-0.28673
-0.29796
-0.2886
-0.28298
-0.30733
-0.3298
-0.33167
-0.30545
-0.29047
-0.29609
-0.29984
-0.29609
-0.29609
-0.29609
-0.29235
-0.28485
-0.29609
-0.32793
-0.36351
-0.38411
-0.36913
-0.35789
-0.34853
-0.33355
-0.30171
-0.26425
-0.23055
-0.22305
-0.20995
-0.19496
-0.1856
-0.1856
-0.19684
-0.19122
-0.17998
-0.17624
-0.19684
-0.22867
-0.23991
-0.23804
-0.21556
-0.19871
-0.19871
-0.23242
-0.30171
-0.35976
-0.40658
-0.42344
-0.41782
-0.38785
-0.37662
-0.39535
-0.41595
-0.43093
-0.43093
-0.42905
-0.42905
-0.40284
-0.3504
-0.34478
-0.35976
-0.36913
-0.34665
-0.3092
-0.28485
-0.26238
-0.25489
-0.25115
-0.27736
-0.30358
-0.30171
-0.26987
-0.24927
-0.25676
-0.26987
-0.25676
-0.21556
-0.19496
-0.18747
-0.17624
-0.18185
-0.16313
-0.13691
-0.12567
-0.1238
-0.13316
-0.13316
-0.12193
-0.10882
-0.084473
-0.054509
-0.0058186
0.04849
0.097181
0.12714
0.15149
0.17022
0.1852
0.17022
0.15336
0.12902
0.12153
0.12714
0.13651
0.11216
0.078454
0.078454
0.1028
0.11965
0.1028
0.080327
0.087818
0.097181
0.080327
0.067218
0.074709
0.099054
0.10093
0.11591
0.12714
0.13089
