0.0097487
0.011624
0.0097487
0.0022468
-0.0033796
-0.009006
-0.010882
-0.0071306
-0.016508
-0.016508
0.0041223
0.017251
0.019126
0.022877
0.028504
0.017251
0.0097487
0.017251
0.0135
0.0078732
0.0135
0.030379
0.026628
0.015375
0.0022468
0.028504
0.022877
0.021002
0.0135
0.0041223
-0.0033796
-0.0015041
-0.018383
-0.014632
-0.016508
0.0041223
0.0059978
0.017251
0.028504
0.028504
0.0041223
-0.0071306
-0.009006
-0.009006
-0.012757
-0.012757
-0.0015041
0.00037134
0.0135
0.0135
0.011624
0.0022468
0.011624
0.022877
0.024753
0.017251
0.019126
0.0135
-0.0071306
-0.009006
-0.0015041
0.011624
0.0135
0.0041223
-0.0071306
-0.012757
-0.0015041
0.0097487
0.0041223
0.0059978
0.0078732
0.0078732
0.00037134
0.0078732
0.0041223
0.0041223
0.015375
0.011624
0.019126
0.017251
0.0078732
-0.0052551
-0.009006
-0.014632
-0.0052551
0.011624
0.0135
0.0097487
-0.025885
-0.039014
-0.027761
-0.010882
0.021002
0.028504
0.0059978
-0.010882
-0.020259
0.0135
0.022877
0.022877
0.0059978
0.0078732
0.011624
0.00037134
-0.0015041
0.0135
0.019126
0.022877
0.030379
0.019126
-0.0071306
0.0022468
0.021002
0.028504
0.021002
0.0059978
-0.0033796
-0.0052551
0.0078732
0.0059978
0.0041223
0.0097487
0.015375
0.0022468
-0.012757
0.0022468
0.030379
0.015375
-0.014632
-0.012757
-0.010882
0.00037134
0.011624
0.019126
0.0135
0.019126
0.0135
0.0097487
0.00037134
-0.009006
-0.018383
-0.0052551
-0.0033796
0.0041223
0.0059978
-0.020259
-0.022134
0.00037134
0.0135
0.015375
0.021002
0.019126
0.017251
0.019126
0.017251
0.0059978
0.019126
0.019126
0.0097487
0.0078732
0.0097487
0.0059978
0.00037134
0.00037134
-0.014632
-0.025885
-0.0015041
0.0097487
0.0097487
0.0022468
-0.010882
-0.010882
0.0097487
0.019126
0.0022468
-0.0015041
0.011624
0.0097487
-0.0052551
-0.012757
-0.0052551
0.011624
0.019126
0.0078732
0.00037134
0.0022468
0.021002
0.030379
0.017251
-0.0015041
-0.016508
0.00037134
0.028504
0.030379
0.015375
0.0078732
0.0041223
0.024753
0.037881
0.017251
-0.0071306
-0.009006
-0.010882
-0.009006
0.0022468
0.011624
0.017251
0.0059978
-0.0071306
0.015375
0.015375
-0.009006
-0.022134
-0.009006
0.011624
0.032254
0.045383
0.03413
0.011624
-0.009006
-0.020259
-0.0033796
0.019126
0.026628
0.022877
0.0078732
0.0022468
0.011624
0.024753
0.03413
0.028504
0.0135
0.024753
0.037881
0.032254
0.011624
0.0059978
0.021002
0.022877
0.0078732
0.0041223
-0.009006
0.00037134
0.021002
0.032254
0.019126
0.015375
0.0135
0.017251
0.019126
0.017251
0.0022468
0.00037134
-0.0015041
0.0022468
-0.012757
-0.009006
0.0041223
0.0059978
0.0135
0.017251
0.0135
0.0059978
-0.010882
-0.018383
0.0022468
-0.0015041
-0.010882
-0.0033796
0.015375
0.015375
0.0078732
-0.0033796
0.00037134
0.0041223
-0.0052551
0.0022468
-0.0015041
0.0059978
0.0097487
0.019126
0.021002
0.0135
0.0022468
0.0041223
0.00037134
-0.0052551
0.0041223
0.015375
0.015375
0.017251
0.00037134
0.0078732
0.015375
0.021002
0.026628
0.0097487
0.0022468
0.0078732
0.00037134
0.0022468
-0.0015041
-0.0071306
-0.009006
0.00037134
0.011624
0.011624
-0.009006
-0.016508
-0.0071306
0.019126
0.011624
-0.014632
-0.016508
0.0059978
0.017251
0.019126
0.0135
0.00037134
-0.0033796
0.0059978
-0.009006
-0.022134
-0.010882
0.015375
0.011624
0.0059978
-0.0033796
-0.010882
-0.033387
-0.037138
-0.014632
0.0041223
0.024753
0.030379
0.028504
0.0135
0.00037134
-0.018383
-0.0033796
-0.010882
-0.020259
-0.014632
-0.009006
0.0097487
0.011624
0.011624
0.0097487
0.0135
0.017251
0.0022468
0.00037134
-0.012757
-0.0052551
-0.0033796
-0.014632
-0.020259
-0.0071306
0.0022468
0.021002
0.011624
0.0097487
0.00037134
-0.0052551
0.0041223
0.0059978
-0.0071306
-0.012757
-0.0033796
0.017251
0.039756
0.028504
0.00037134
0.0022468
0.015375
0.026628
0.0041223
-0.012757
-0.009006
-0.0033796
0.0041223
0.0097487
0.015375
0.011624
0.015375
0.024753
0.017251
-0.0052551
-0.009006
-0.0071306
-0.010882
0.0022468
0.0078732
0.015375
0.019126
0.026628
0.0059978
-0.012757
-0.012757
-0.0033796
-0.010882
-0.016508
-0.016508
0.00037134
0.0059978
0.0041223
0.021002
0.028504
0.024753
0.026628
0.0078732
-0.0015041
0.011624
0.019126
-0.0015041
-0.012757
-0.0015041
0.019126
0.022877
0.011624
-0.0033796
-0.014632
-0.020259
-0.012757
-0.0071306
-0.0015041
0.00037134
0.0022468
-0.0052551
-0.009006
-0.0033796
0.00037134
0.0041223
0.00037134
-0.009006
-0.0071306
0.0059978
0.0059978
0.0041223
0.0022468
0.0059978
-0.012757
-0.020259
0.00037134
0.015375
0.0059978
0.0041223
0.0041223
0.0097487
0.011624
0.021002
0.026628
0.0059978
-0.010882
-0.009006
0.00037134
0.0022468
-0.012757
-0.018383
-0.010882
-0.0071306
0.0097487
0.0041223
-0.012757
-0.018383
-0.009006
0.0041223
0.0041223
0.0041223
0.0135
0.011624
0.0022468
-0.0033796
-0.0052551
0.0059978
0.0041223
0.0078732
0.021002
0.028504
0.037881
0.028504
-0.0052551
-0.020259
-0.009006
0.011624
0.00037134
-0.0052551
-0.014632
-0.0071306
0.0022468
0.0059978
-0.0015041
-0.0033796
-0.025885
-0.033387
-0.0071306
0.0135
0.0022468
-0.010882
-0.0052551
0.0135
0.015375
0.0097487
-0.0071306
-0.012757
-0.020259
-0.010882
-0.0033796
-0.009006
-0.018383
-0.020259
-0.022134
-0.009006
0.0078732
0.0059978
0.0041223
0.011624
0.0097487
0.0135
0.00037134
-0.010882
-0.0052551
0.0059978
0.0135
-0.0015041
-0.014632
0.0041223
0.011624
0.021002
0.0078732
-0.0015041
0.00037134
0.00037134
0.0059978
0.0022468
-0.0052551
-0.014632
-0.012757
-0.014632
-0.0052551
0.00037134
-0.0033796
-0.0015041
-0.0071306
-0.0052551
-0.0033796
0.0078732
0.028504
0.030379
0.015375
-0.0015041
-0.010882
0.00037134
0.0097487
0.0097487
0.019126
0.0041223
-0.010882
-0.0015041
-0.0015041
-0.022134
-0.022134
-0.0052551
0.0059978
0.0097487
0.0041223
-0.014632
-0.031512
-0.031512
-0.018383
-0.0015041
0.0022468
-0.0052551
-0.010882
0.0059978
0.022877
0.0022468
-0.010882
-0.009006
-0.0015041
0.0022468
0.015375
0.0041223
-0.0071306
-0.010882
-0.009006
-0.010882
-0.0052551
-0.0033796
0.0022468
-0.0052551
-0.0015041
-0.010882
-0.014632
0.021002
0.024753
0.0078732
-0.014632
-0.014632
0.00037134
0.0135
0.0041223
-0.0015041
-0.0015041
-0.009006
-0.0052551
-0.022134
-0.04464
-0.039014
-0.012757
0.0059978
-0.0015041
-0.010882
0.0059978
0.028504
0.021002
0.0022468
-0.016508
-0.020259
0.0022468
0.0135
0.0041223
-0.0015041
0.00037134
-0.0015041
-0.010882
0.00037134
0.019126
0.0135
0.0041223
0.0041223
0.0135
0.0078732
0.00037134
-0.009006
-0.0071306
-0.0015041
-0.0071306
-0.0071306
-0.020259
-0.016508
-0.009006
-0.010882
0.00037134
0.0041223
0.0097487
0.0022468
-0.016508
-0.0015041
0.011624
0.0097487
0.0097487
-0.009006
-0.027761
-0.035263
-0.012757
-0.0033796
0.0059978
0.017251
0.022877
-0.0015041
-0.010882
-0.0052551
0.00037134
0.0078732
0.017251
0.0022468
-0.0033796
0.00037134
-0.0015041
0.00037134
0.024753
0.041632
0.037881
0.015375
-0.0015041
0.011624
0.028504
0.015375
-0.020259
-0.027761
-0.014632
0.0097487
0.021002
0.019126
0.028504
0.024753
-0.0071306
-0.020259
-0.012757
-0.010882
-0.025885
-0.033387
-0.031512
-0.016508
-0.010882
-0.010882
-0.0033796
-0.0052551
0.0059978
0.0059978
0.0059978
0.00037134
0.017251
0.021002
0.0041223
-0.020259
-0.016508
-0.012757
-0.0052551
-0.0015041
0.0022468
0.0041223
0.00037134
-0.0071306
-0.009006
-0.0071306
-0.0033796
0.011624
0.0097487
-0.018383
-0.033387
-0.048391
-0.037138
-0.025885
-0.010882
-0.0033796
-0.0033796
0.0041223
0.0097487
0.0097487
-0.009006
-0.014632
-0.010882
0.00037134
0.0078732
-0.016508
-0.035263
-0.055893
-0.04464
-0.016508
0.0078732
0.036005
0.039756
0.021002
-0.010882
-0.016508
0.00037134
0.00037134
-0.0052551
-0.0015041
-0.0015041
0.00037134
0.00037134
0.00037134
0.0059978
0.0078732
0.00037134
-0.0052551
0.0078732
0.024753
0.015375
0.0041223
0.0059978
0.0022468
-0.0052551
-0.0015041
-0.010882
-0.010882
0.00037134
0.0041223
-0.0015041
-0.0015041
0.0097487
0.0078732
0.0041223
0.0135
0.0059978
0.0022468
0.011624
0.0022468
-0.0033796
-0.010882
-0.010882
-0.010882
0.0022468
0.021002
0.022877
0.0078732
0.0041223
-0.0052551
0.0041223
0.028504
0.030379
0.030379
0.0135
-0.0052551
-0.022134
-0.016508
0.00037134
0.024753
0.019126
-0.012757
-0.027761
-0.018383
0.00037134
0.019126
0.021002
0.0097487
0.00037134
-0.0033796
-0.0052551
-0.012757
-0.0033796
0.0059978
0.019126
0.036005
0.0059978
-0.020259
-0.0052551
0.019126
0.024753
0.037881
0.030379
0.0078732
0.0041223
0.0078732
0.0097487
0.015375
0.021002
0.021002
0.015375
0.00037134
-0.0071306
0.0059978
0.0097487
0.0078732
-0.0033796
-0.012757
-0.0015041
0.026628
0.026628
0.00037134
-0.022134
-0.02401
-0.0033796
-0.0033796
-0.029636
-0.037138
-0.018383
-0.0015041
0.0041223
-0.0033796
-0.0033796
0.0022468
0.0078732
0.0059978
-0.009006
-0.022134
-0.016508
-0.0071306
0.00037134
0.019126
0.019126
0.017251
0.022877
0.011624
0.0041223
-0.018383
-0.0033796
0.011624
0.0078732
-0.0071306
-0.018383
-0.0052551
0.0078732
0.0041223
-0.0015041
0.0041223
-0.0052551
-0.010882
-0.0015041
0.011624
0.015375
0.011624
-0.0052551
-0.014632
0.0041223
0.0097487
0.0022468
0.00037134
0.0078732
0.022877
0.0041223
-0.014632
-0.010882
0.0135
0.0041223
-0.0015041
-0.0033796
-0.0015041
0.0041223
0.0078732
-0.0015041
-0.0071306
-0.014632
-0.012757
-0.0052551
0.0041223
0.011624
0.0022468
0.0097487
0.019126
0.017251
0.0059978
-0.0033796
0.011624
0.024753
0.037881
0.028504
0.0059978
0.0078732
0.0135
0.0097487
0.0097487
0.011624
0.0059978
0.0041223
0.0078732
-0.0015041
-0.018383
-0.035263
-0.022134
0.0022468
0.011624
0.00037134
0.0041223
0.015375
0.017251
-0.0033796
-0.018383
-0.014632
-0.0015041
0.0135
0.011624
0.0078732
-0.010882
-0.020259
-0.0015041
0.0078732
0.021002
0.028504
0.0078732
0.0059978
0.0078732
0.00037134
-0.0015041
0.0022468
-0.0015041
-0.0033796
-0.014632
-0.014632
0.00037134
0.0135
0.0041223
0.0135
0.0135
0.022877
0.017251
-0.0033796
-0.0052551
-0.0015041
0.015375
0.0041223
-0.0015041
0.0041223
0.011624
0.0078732
0.0078732
0.0041223
-0.010882
-0.010882
0.0022468
0.024753
0.0135
0.0059978
0.0022468
0.011624
0.011624
0.017251
0.0097487
0.0059978
0.0041223
0.0097487
0.0097487
0.00037134
-0.0071306
-0.0033796
0.00037134
-0.0015041
-0.0033796
0.0041223
0.0097487
0.00037134
-0.0052551
-0.0033796
-0.0015041
0.0059978
0.0059978
0.011624
0.0135
0.0097487
0.0022468
-0.009006
-0.02401
-0.018383
0.00037134
0.015375
0.011624
-0.0033796
0.0097487
0.0059978
0.0059978
-0.0052551
-0.02401
-0.020259
-0.0071306
-0.0071306
0.011624
0.0078732
-0.012757
-0.029636
-0.014632
0.0059978
0.026628
0.022877
0.0059978
0.0041223
0.015375
0.0078732
-0.0052551
-0.020259
-0.022134
0.0041223
0.017251
0.0135
0.0041223
0.0041223
-0.0015041
0.0041223
0.0041223
-0.0033796
-0.010882
-0.010882
-0.0052551
0.0078732
0.021002
0.030379
0.030379
0.021002
0.0022468
0.0097487
0.021002
0.030379
0.011624
-0.0052551
-0.016508
-0.0033796
0.011624
0.011624
0.0041223
0.0022468
0.0059978
0.00037134
0.00037134
-0.0015041
-0.018383
-0.02401
-0.018383
-0.009006
0.0135
0.0041223
-0.010882
-0.02401
-0.010882
-0.009006
0.0041223
-0.014632
-0.025885
-0.027761
-0.012757
-0.0052551
-0.010882
-0.009006
0.0059978
0.0078732
0.0097487
0.0022468
0.0078732
0.0135
0.0022468
-0.010882
-0.016508
-0.0071306
0.0078732
0.017251
0.015375
0.0097487
0.0041223
0.0022468
0.0059978
0.017251
0.0097487
-0.0052551
-0.012757
-0.0033796
0.0097487
0.017251
0.024753
0.022877
0.022877
0.015375
0.0078732
0.0078732
0.0041223
-0.0033796
0.0022468
0.0041223
-0.020259
-0.022134
-0.0052551
0.00037134
0.0041223
-0.0033796
-0.010882
-0.010882
-0.0015041
0.00037134
0.0041223
0.0078732
0.0059978
0.0041223
0.015375
0.021002
0.0135
-0.0015041
0.0022468
0.015375
0.022877
0.0097487
-0.0033796
0.0041223
0.0078732
0.0097487
0.019126
0.011624
0.019126
0.022877
0.0059978
-0.0052551
-0.0071306
-0.0071306
0.0022468
0.0097487
-0.009006
-0.025885
-0.0052551
0.011624
0.0135
-0.0015041
-0.0071306
0.0022468
0.0022468
-0.0033796
-0.009006
0.017251
0.017251
0.00037134
0.0078732
0.0135
0.0041223
0.0059978
-0.0033796
0.0022468
-0.0015041
-0.0052551
-0.0052551
-0.0071306
0.0078732
0.0135
0.0097487
0.0022468
0.015375
0.019126
0.00037134
-0.009006
0.0022468
0.026628
0.03413
0.015375
-0.014632
-0.016508
-0.0033796
0.0022468
0.0097487
0.00037134
-0.012757
-0.022134
-0.029636
-0.025885
-0.029636
-0.010882
-0.009006
-0.0033796
0.011624
0.030379
0.021002
0.00037134
0.0041223
0.011624
0.026628
0.032254
0.026628
0.017251
-0.0015041
0.00037134
0.0097487
0.0078732
-0.012757
-0.020259
0.0078732
0.017251
-0.0033796
-0.0071306
0.0059978
0.028504
0.019126
0.0097487
0.0041223
0.0059978
0.0041223
0.0041223
0.017251
0.019126
0.0097487
0.0041223
0.00037134
-0.0033796
0.00037134
-0.0071306
-0.018383
-0.010882
0.0059978
0.0097487
0.0022468
-0.0033796
0.0022468
-0.0033796
-0.012757
-0.014632
-0.022134
-0.012757
-0.0052551
0.0059978
0.00037134
-0.020259
-0.022134
-0.0033796
0.0041223
0.0078732
0.00037134
0.0078732
0.015375
0.015375
0.0022468
-0.012757
-0.0015041
-0.0015041
-0.0015041
-0.0071306
-0.014632
-0.014632
-0.0033796
0.0097487
0.022877
0.017251
0.021002
0.015375
-0.0071306
-0.018383
0.00037134
0.0078732
-0.0071306
-0.018383
-0.035263
-0.010882
0.011624
0.0135
-0.0052551
-0.009006
-0.0015041
0.0078732
0.0022468
-0.0052551
0.0041223
0.011624
0.030379
0.03413
0.011624
0.017251
0.026628
0.032254
0.019126
-0.010882
-0.02401
-0.009006
0.015375
0.024753
0.032254
0.028504
0.0059978
-0.0071306
-0.009006
-0.0052551
-0.012757
-0.012757
-0.012757
-0.0071306
-0.0015041
0.011624
0.017251
0.019126
0.0135
0.0059978
0.011624
0.0097487
0.0097487
0.0135
0.021002
0.03413
0.030379
0.017251
0.00037134
-0.009006
-0.0015041
0.0078732
0.019126
0.017251
0.0078732
0.0059978
0.0135
0.0097487
0.0059978
0.0059978
0.026628
0.021002
0.0097487
0.011624
0.0041223
-0.0071306
-0.010882
0.0059978
0.0041223
0.015375
0.0135
-0.0015041
-0.0015041
-0.0033796
0.0097487
0.0041223
0.017251
0.024753
0.026628
-0.0052551
-0.027761
-0.014632
0.019126
0.019126
-0.0015041
-0.0052551
0.0041223
0.0078732
0.0078732
-0.0033796
-0.018383
-0.014632
0.0041223
0.0097487
0.0078732
0.0097487
0.019126
0.026628
0.026628
0.0097487
0.00037134
-0.022134
-0.025885
-0.0052551
0.0097487
0.017251
0.0041223
-0.014632
-0.018383
-0.0015041
0.021002
0.028504
0.026628
0.0022468
-0.016508
-0.0015041
0.0022468
0.00037134
0.0078732
0.011624
0.015375
0.0059978
0.0059978
0.011624
0.026628
0.00037134
-0.012757
-0.009006
0.0097487
0.0135
0.015375
0.011624
0.0078732
0.0097487
0.0059978
0.00037134
0.0059978
0.011624
0.017251
-0.0015041
-0.016508
-0.0071306
0.0135
0.0022468
-0.009006
-0.022134
-0.014632
0.00037134
-0.0033796
0.0022468
0.00037134
0.011624
0.024753
0.026628
0.0059978
0.0041223
-0.0015041
0.0078732
0.0041223
0.030379
0.028504
0.017251
0.019126
0.021002
0.0078732
-0.0015041
0.0078732
0.011624
0.017251
0.0059978
-0.012757
-0.0033796
0.015375
0.021002
0.0041223
-0.009006
-0.0033796
0.0078732
0.0022468
0.0078732
0.015375
0.017251
0.028504
0.015375
-0.009006
-0.027761
-0.022134
0.0041223
0.022877
0.028504
0.0135
-0.0052551
-0.0015041
0.00037134
0.011624
0.0135
-0.012757
-0.010882
0.0135
0.015375
0.0041223
0.0041223
0.0078732
0.0041223
0.0041223
0.0078732
0.0022468
-0.0071306
-0.0015041
0.0022468
-0.0015041
-0.0033796
-0.0015041
0.0078732
-0.0015041
0.00037134
0.0078732
-0.0015041
-0.014632
-0.022134
-0.0071306
0.0059978
0.0059978
0.0097487
0.011624
-0.010882
-0.022134
-0.0033796
0.00037134
-0.0033796
0.0135
0.019126
0.026628
0.019126
0.0022468
-0.018383
-0.016508
-0.010882
-0.0052551
-0.0071306
-0.009006
-0.0052551
-0.012757
-0.010882
-0.0015041
0.011624
0.0135
0.0041223
-0.014632
-0.0071306
0.019126
0.017251
-0.0033796
0.0022468
-0.0052551
-0.025885
-0.018383
-0.009006
-0.0052551
-0.0052551
-0.009006
-0.0071306
-0.0071306
0.00037134
-0.0015041
-0.0052551
0.0078732
0.017251
0.0022468
-0.010882
-0.020259
-0.018383
-0.009006
-0.009006
0.0022468
0.0097487
0.0059978
0.0041223
0.0059978
0.00037134
-0.020259
-0.027761
-0.012757
0.0041223
0.0097487
0.0078732
0.0078732
0.0078732
0.011624
0.0135
0.017251
0.017251
0.0059978
0.0059978
0.0078732
0.0022468
-0.010882
-0.020259
-0.0033796
0.011624
0.024753
0.017251
0.0022468
-0.010882
-0.025885
-0.020259
0.00037134
0.011624
0.019126
0.0041223
0.0059978
0.0078732
-0.0015041
-0.010882
-0.022134
-0.0052551
0.036005
0.043507
0.021002
0.00037134
-0.022134
-0.009006
0.0059978
0.0078732
-0.0071306
-0.009006
0.011624
0.032254
0.028504
0.019126
0.0097487
0.0078732
0.017251
0.0097487
-0.0071306
-0.022134
-0.010882
-0.0015041
-0.0015041
-0.0052551
-0.0033796
-0.0015041
0.0022468
0.0041223
0.0097487
0.017251
0.015375
0.024753
0.028504
0.022877
0.00037134
-0.010882
-0.0033796
0.0041223
0.019126
0.0097487
0.00037134
-0.0033796
-0.0033796
-0.022134
-0.025885
-0.010882
0.0022468
0.021002
0.032254
0.021002
0.0078732
0.0059978
0.0041223
-0.0071306
-0.010882
-0.009006
0.0059978
0.0041223
-0.0015041
-0.0052551
-0.0071306
0.0135
0.022877
0.024753
0.017251
-0.0015041
-0.0071306
0.0078732
0.011624
0.0041223
-0.010882
-0.010882
0.0041223
0.017251
0.019126
-0.009006
-0.025885
-0.014632
0.0135
0.0097487
0.015375
0.022877
0.028504
0.00037134
-0.012757
-0.009006
-0.0015041
0.0059978
0.021002
0.011624
0.0059978
0.0078732
0.019126
0.024753
0.019126
-0.0015041
0.0041223
0.011624
0.011624
0.017251
0.024753
0.028504
0.024753
0.021002
0.011624
0.0059978
0.0097487
0.017251
0.015375
0.0059978
0.0041223
-0.0033796
0.00037134
0.011624
0.0059978
-0.0033796
0.0041223
0.00037134
-0.010882
0.0078732
0.0097487
0.0097487
0.0135
0.011624
-0.0052551
-0.010882
0.0078732
0.021002
0.0059978
-0.016508
-0.027761
-0.0015041
0.011624
0.026628
0.03413
0.022877
0.017251
0.017251
0.0135
0.015375
-0.0015041
-0.0015041
0.0059978
0.0097487
0.0041223
-0.0033796
0.024753
0.030379
0.028504
0.028504
0.028504
0.017251
0.0135
0.028504
0.043507
0.045383
0.030379
0.00037134
-0.010882
0.00037134
0.0097487
0.019126
0.028504
0.019126
0.0097487
0.00037134
0.00037134
0.011624
0.021002
0.0097487
0.0022468
0.0022468
0.0135
0.0135
0.026628
0.024753
0.015375
0.0022468
-0.0015041
0.0078732
0.0097487
0.0097487
0.00037134
0.00037134
0.0078732
0.015375
0.017251
0.011624
0.0041223
0.0041223
0.015375
0.021002
0.015375
0.0135
0.0097487
0.0059978
0.0022468
0.00037134
-0.0071306
-0.0033796
0.0059978
0.0135
0.015375
0.019126
0.0041223
-0.0033796
0.00037134
0.00037134
0.011624
0.0135
0.021002
0.030379
0.019126
0.0041223
0.0097487
0.017251
0.011624
0.0097487
-0.0071306
-0.010882
-0.0015041
0.0059978
0.011624
0.0097487
0.015375
0.015375
0.017251
0.017251
0.0059978
0.00037134
0.0022468
0.011624
0.026628
0.026628
0.022877
0.0097487
0.00037134
0.0041223
0.017251
0.022877
0.032254
0.024753
0.032254
0.026628
0.028504
0.015375
0.011624
0.00037134
-0.0015041
0.0059978
0.0078732
0.015375
0.026628
0.022877
0.0097487
0.0097487
0.0041223
0.0078732
0.017251
0.03413
0.039756
0.024753
0.0078732
-0.0015041
0.0022468
0.0078732
0.0097487
0.0135
0.0078732
-0.0015041
0.0059978
0.03413
0.045383
0.028504
0.019126
0.015375
0.00037134
-0.009006
0.0059978
0.028504
0.039756
0.024753
0.0041223
0.00037134
0.0135
0.022877
0.017251
0.0078732
-0.0015041
0.011624
0.030379
0.041632
0.045383
0.052885
0.037881
0.024753
0.015375
0.0078732
0.011624
0.015375
0.017251
0.021002
0.022877
0.026628
0.032254
0.037881
0.021002
0.0097487
0.017251
0.037881
0.039756
0.032254
0.03413
0.030379
0.047258
0.043507
0.026628
0.019126
0.036005
0.032254
0.03413
0.032254
0.030379
0.030379
0.032254
0.030379
0.039756
0.030379
0.030379
0.045383
0.060387
0.062262
0.039756
0.030379
0.045383
0.05476
0.032254
-0.0015041
-0.012757
0.019126
0.052885
0.066013
0.045383
0.024753
0.011624
0.021002
0.037881
0.047258
0.047258
0.045383
0.03413
0.037881
0.05476
0.081017
0.066013
0.049134
0.051009
0.051009
0.037881
0.047258
0.067888
0.062262
0.051009
0.047258
0.043507
0.037881
0.043507
0.043507
0.064138
0.073515
0.051009
0.039756
0.037881
0.045383
0.056636
0.07164
0.067888
0.07164
0.069764
0.073515
0.073515
0.067888
0.081017
0.067888
0.060387
0.058511
0.073515
0.088519
0.096021
0.099772
0.088519
0.082893
0.09227
0.09227
0.097896
0.09227
0.097896
0.099772
0.09227
0.09227
0.097896
0.10352
0.11665
0.10727
0.11478
0.13728
0.14103
0.1129
0.1054
0.1054
0.1129
0.099772
0.084768
0.086643
0.1054
0.12603
0.1279
0.15041
0.15228
0.15228
0.14291
0.13916
0.14853
0.15228
0.15791
0.15416
0.16916
0.17479
0.16729
0.16541
0.18604
0.19355
0.18229
0.18417
0.19917
0.21418
0.19355
0.18229
0.19167
0.18792
0.19917
0.21042
0.20105
0.18229
0.18229
0.19542
0.20105
0.19917
0.19917
0.18979
0.18042
0.17104
0.17104
0.18042
0.18979
0.20667
0.21042
0.21418
0.24606
0.27982
0.28919
0.29295
0.30045
0.28919
0.29857
0.31545
0.32483
0.3192
0.3192
0.34171
0.34358
0.34921
0.37359
0.38484
0.38859
0.39985
0.42048
0.44673
0.46924
0.48237
0.49925
0.5105
0.50862
0.50112
0.5105
0.53301
0.55176
0.54426
0.55551
0.5949
0.64366
0.67367
0.69992
0.71493
0.74493
0.78432
0.8162
0.85371
0.90435
0.95874
0.97937
0.97749
0.96999
0.95312
0.93998
0.96624
1.0656
1.2663
1.5739
1.9115
2.2059
2.4741
2.7236
2.973
3.2562
3.6107
4.0045
4.3871
4.7359
5.1448
5.6999
6.3676
7.1028
7.8924
8.742
9.7172
10.828
11.945
12.774
13.219
13.438
13.586
13.62
13.712
14.185
14.53
13.928
12.45
10.989
10.552
11.3
12.341
12.881
13.095
13.577
14.672
15.983
16.52
15.741
14.329
13.526
13.624
13.8
13.524
13.309
13.778
15.145
16.88
18.046
18.305
18.116
18.082
18.127
17.62
16.227
14.134
11.902
10.287
9.5709
9.5465
9.8616
10.259
10.677
11.099
11.355
11.263
10.796
10.285
10.199
10.428
10.454
10.096
9.5409
9.3027
9.6441
10.319
10.983
11.424
11.446
10.876
9.5428
7.5192
4.9085
1.9452
-0.82296
-2.6759
-3.0229
-1.862
0.099772
2.0109
3.123
3.425
3.5394
3.9032
4.2146
3.9501
3.0893
2.2097
1.6733
1.1125
0.34733
-0.20593
-0.084025
0.62303
1.3526
1.829
2.1384
2.1947
1.7821
1.2401
1.0112
0.89873
0.27232
-0.7667
-1.2956
-0.82296
0.28919
1.1725
1.1332
0.27982
-0.53414
-0.50601
0.36046
1.4051
1.8983
1.7258
0.80307
-0.57165
-1.32
-0.79483
0.4186
1.1763
1.0319
0.16166
-1.0443
-1.8245
-1.6913
-0.67105
0.39797
0.51425
-0.37472
-1.3762
-1.6988
-1.3425
-0.69543
-0.11403
0.064138
-0.054017
0.073515
0.71868
1.8083
2.9561
3.8057
4.1921
4.4546
4.7228
5.1898
5.7149
6.0657
6.0413
5.6662
5.1298
4.554
4.1696
4.0964
4.3684
4.6534
4.4002
3.4175
2.2116
1.4539
1.12
0.52926
-0.57727
-1.8188
-2.6459
-2.9854
-3.2442
-3.6812
-4.2438
-4.6564
-4.6339
-4.1594
-3.4824
-3.021
-2.8128
-2.5578
-1.9745
-1.0987
-0.38035
-0.052142
0.27794
0.97749
1.979
2.7948
3.1024
2.7517
1.6977
0.15416
-1.0105
-1.1362
-0.56977
-0.02401
0.20292
0.03413
-0.26407
-0.31471
-0.40661
-1.0161
-2.0383
-3.4074
-5.4985
-8.293
-10.789
-12.042
-12.273
-12.134
-12.62
-13.886
-14.82
-14.947
-15.712
-17.969
-20.626
-22.346
-22.914
-22.432
-21.127
-19.658
-18.848
-18.968
-19.747
-20.561
-20.919
-20.746
-20.266
-19.694
-18.784
-17.432
-15.857
-13.874
-11.479
-9.3695
-8.2518
-7.826
-7.6779
-7.901
-8.8087
-10.527
-12.387
-13.171
-12.402
-10.716
-9.0113
-8.1167
-8.4843
-9.6921
-10.189
-9.377
-8.2668
-7.9441
-8.595
-9.3414
-9.2101
-7.7885
-5.1422
-2.1133
0.15979
1.5158
1.9602
1.8102
1.9865
2.5098
2.281
0.68117
-1.6782
-3.4843
-3.9625
-3.3717
-2.4302
-1.6632
-1.5619
-2.2389
-3.3867
-3.9681
-3.1842
-1.8864
-0.97488
-0.51538
-0.029636
0.15604
-0.41223
-1.4775
-1.8076
-0.6748
1.3395
3.3425
4.7528
5.6906
6.4764
6.9378
6.5308
5.7281
5.3774
5.5124
5.6981
6.2307
7.7123
10.758
17.084
31.499
49.563
58.637
61.499
61.499
60.107
50.712
45.393
43.379
41.922
39.84
30.205
14.571
2.2509
-10.335
-24.651
-32.125
-30.589
-34.087
-43.258
-39.948
-19.833
5.2011
15.724
10.109
1.5533
-2.6403
-1.937
3.1643
6.6921
4.0927
-3.5199
-11.164
-10.332
-1.4606
5.2967
6.8121
7.521
10.58
15.336
20.713
23.091
20.175
15.059
12.242
12.887
15.077
16.174
15.689
15.691
16.93
16.568
13.091
8.9258
6.9996
7.7367
8.772
7.3147
3.1343
-1.7813
-4.1294
-1.4981
3.0443
5.4055
5.0266
3.8488
3.6275
5.0004
6.5702
6.5157
4.9891
3.0724
2.1384
2.1347
1.9471
1.4032
0.65116
-0.89423
-3.5105
-5.6373
-6.275
-5.6336
-4.2176
-2.5822
-0.71606
0.59865
-1.9483
-8.7
-11.631
-8.0979
-4.9434
-7.7322
-13.357
-15.523
-12.822
-8.7356
-4.5308
-4.0394
-10.815
-17.207
-13.745
-5.0503
0.0059978
1.5233
3.4531
6.18
9.012
11.632
12.414
10.186
5.7975
1.4501
-0.38973
0.38672
0.81433
-1.0068
-2.7472
-2.766
-2.7172
-3.9306
-5.6673
-7.1715
-7.6891
-7.2277
-6.7532
-6.7138
-6.3669
-5.7311
-5.7705
-6.4475
-6.8489
-6.6126
-4.6602
-0.44974
4.3402
7.4666
7.9111
6.2025
4.2596
3.3743
3.3143
2.9805
1.9115
0.17854
-1.5825
-3.2517
-4.8534
-6.0668
-6.922
-7.2952
-6.8883
-6.2544
-6.3012
-6.6482
-6.5394
-5.733
-4.6339
-3.9756
-3.8218
-3.8781
-3.6662
-2.9629
-2.269
-1.9445
-1.4663
-0.3916
0.99062
2.1159
2.8155
3.2393
3.2881
2.8192
2.0409
1.2326
0.67554
0.42423
0.37359
0.50862
0.63803
0.38672
-0.052142
0.021002
0.81058
1.8796
2.8023
3.47
3.922
4.359
4.8804
4.9723
4.1245
2.5829
0.87622
-0.48538
-1.38
-2.1283
-2.961
-3.8256
-4.5345
-4.6958
-4.1951
-3.1823
-2.0908
-1.4944
-1.5394
-1.9051
-2.3721
-2.8504
-3.293
-3.6437
-3.8594
-4.0113
-4.2082
-4.3189
-3.8687
-2.5765
-0.85485
0.55739
1.3057
1.4932
1.1969
0.59302
0.10352
-0.12153
-0.44787
-1.4325
-2.9254
-4.1313
-4.4483
-3.9175
-3.021
-2.1395
-1.5732
-1.5619
-2.1152
-2.7266
-2.6984
-1.8826
-0.77608
0.066013
0.43361
0.42048
0.14291
-0.31471
-0.84172
-1.32
-1.4944
-1.063
-0.13841
0.74681
1.0375
0.6324
-0.091527
-0.59603
-0.74232
-0.77232
-0.87735
-0.94487
-0.78921
-0.31658
0.41485
1.0863
1.3432
1.1538
0.71868
0.20667
-0.24157
-0.65604
-1.2224
-2.0364
-2.8504
-3.4505
-3.8669
-4.1576
-4.2401
-3.9569
-3.2461
-2.2502
-1.2825
-0.7817
-0.99363
-1.56
-1.7907
-1.3856
-0.72544
-0.16655
0.24606
0.47862
0.51613
0.42048
0.24418
0.13916
0.18792
0.1973
0.0022468
-0.28283
-0.55665
-0.78545
-0.98988
-1.0612
-1.003
-0.93736
-0.84172
-0.68418
-0.5604
-0.5904
-0.76294
-0.79296
-0.37472
0.44861
1.317
1.9209
2.2753
2.4779
2.4554
2.189
1.8102
1.3976
1.1219
1.0975
1.3076
1.6283
1.979
2.326
2.5773
2.6861
2.6954
2.6092
2.3485
1.8083
1.0338
0.28357
-0.21531
-0.3916
-0.28283
-0.063395
0.1129
0.25544
0.30232
0.16916
-0.076523
-0.16842
0.081017
0.56114
0.96437
1.1369
1.1332
1.1144
1.165
1.3188
1.4464
1.4464
1.317
1.09
0.74493
0.29482
-0.14029
-0.41786
-0.52851
-0.55665
-0.62604
-0.8586
-1.1924
-1.3931
-1.275
-0.98425
-0.70668
-0.53039
-0.51914
-0.71981
-1.0724
-1.4381
-1.5488
-1.275
-0.79671
-0.37285
-0.055893
0.14291
0.15979
-0.069021
-0.45162
-0.80983
-0.98988
-0.97488
-0.7667
-0.46475
-0.18905
-0.010882
0.03413
0.066013
0.2198
0.43548
0.54238
0.46174
0.28357
0.16916
0.23856
0.52175
0.84996
1.0488
1.0881
1.0244
0.97937
1.1107
1.5251
2.1834
2.8323
3.2243
3.3162
3.2224
3.0574
2.9186
2.9224
3.0761
3.3556
3.6894
3.8807
3.7776
3.4606
3.0837
2.7292
2.371
2.0221
1.7258
1.5495
1.4726
1.4501
1.4932
1.6564
1.919
2.0578
1.9734
1.7446
1.5139
1.3582
1.2776
1.2326
1.2382
1.2851
1.2888
1.2119
1.1444
1.12
1.1294
1.0769
0.88747
0.53113
0.067888
-0.461
-1.0105
-1.4175
-1.5938
-1.6069
-1.575
-1.5225
-1.4344
-1.3237
-1.2056
-1.0837
-0.95987
-0.88298
-0.87172
-0.91674
-0.93174
-0.84735
-0.65792
-0.3841
-0.063395
0.2273
0.45611
0.57989
0.67179
0.76932
0.83308
0.88935
0.95312
0.96624
0.87997
0.72431
0.51425
0.33045
0.18229
0.064138
0.0135
0.030379
0.058511
0.058511
0.015375
-0.089651
-0.23969
-0.35597
-0.40286
-0.38785
-0.39348
-0.43474
-0.46287
-0.44974
-0.44974
-0.42911
-0.33909
-0.2772
-0.33346
-0.45537
-0.53977
-0.61479
-0.74607
-0.92424
-1.0855
-1.1681
-1.1699
-1.1924
-1.2806
-1.3819
-1.4381
-1.4512
-1.3969
-1.3012
-1.1924
-1.093
-0.99175
-0.92611
-0.96175
-1.0574
-1.1568
-1.2562
-1.3275
-1.3387
-1.2524
-1.0855
-0.8886
-0.70105
-0.57165
-0.50226
-0.47975
-0.50038
-0.51914
-0.54914
-0.62416
-0.70856
-0.7817
-0.85672
-0.94299
-0.98613
-0.98988
-0.97863
-0.93361
-0.87172
-0.79671
-0.6898
-0.55665
-0.45349
-0.36347
-0.28283
-0.16842
0.036005
0.27044
0.39422
0.4261
0.39985
0.33421
0.23668
0.079141
-0.11966
-0.33159
-0.47787
-0.54539
-0.50038
-0.41974
-0.36347
-0.40098
-0.50976
-0.58103
-0.56977
-0.52289
-0.49663
-0.47787
-0.35409
-0.099029
0.24606
0.54051
0.67929
0.6174
0.47112
0.33233
0.24793
0.17479
0.10165
0.022877
-0.018383
-0.025885
0.0041223
0.067888
0.15416
0.23668
0.33045
0.46174
0.57614
0.64366
0.68492
0.7093
0.73181
0.73743
0.71118
0.70743
0.69805
0.72243
0.77307
0.79557
0.75994
0.7093
0.66429
0.60427
0.518
0.38859
0.22355
0.07539
-0.020259
-0.063395
-0.061519
-0.033387
-0.016508
-0.029636
0.0097487
0.14103
0.37547
0.59865
0.8012
0.98875
1.1069
1.1219
1.0788
1.0263
0.99062
1.0713
1.2813
1.5476
1.7671
1.8721
1.8815
1.8252
1.7296
1.647
1.6095
1.6227
1.6227
1.5814
1.5214
1.4576
1.4107
1.3732
1.3526
1.3413
1.2907
1.1688
1.0169
0.84996
0.67742
0.518
0.37734
0.25544
0.15791
0.07164
0.015375
0.011624
0.060387
0.13916
0.2198
0.25356
0.23856
0.2198
0.20105
0.14291
0.058511
0.021002
0.043507
0.084768
0.097896
0.07539
0.1204
0.27232
0.47862
0.65679
0.74306
0.71493
0.5949
0.3961
0.18417
0.0078732
-0.10841
-0.21531
-0.36722
-0.51351
-0.62229
-0.66542
-0.67105
-0.64479
-0.61666
-0.58665
-0.55102
-0.50226
-0.41036
-0.28095
-0.14029
-0.031512
0.039756
0.096021
0.14666
0.19355
0.26106
0.34546
0.39422
0.4036
0.40172
0.4186
0.39235
0.29857
0.13541
-0.067146
-0.2622
-0.41786
-0.50976
-0.52476
-0.49663
-0.47975
-0.49851
-0.51726
-0.50788
-0.46475
-0.43286
-0.3841
-0.31096
-0.21906
-0.13279
-0.1009
-0.11778
-0.16467
-0.1853
-0.18718
-0.19843
-0.22656
-0.25844
-0.24344
-0.21343
-0.16655
-0.13654
-0.13466
-0.17405
-0.23781
-0.29408
-0.35222
-0.45349
-0.59791
-0.74607
-0.8586
-0.92799
-0.99363
-1.0443
-1.0705
-1.0536
-1.0349
-1.0086
-0.96175
-0.93361
-0.92236
-0.90549
-0.84922
-0.75544
-0.62416
-0.44974
-0.2772
-0.11028
0.015375
0.062262
0.052885
0.00037134
-0.067146
-0.16092
-0.24719
-0.35409
-0.48538
-0.61291
-0.71794
-0.80233
-0.8661
-0.94112
-1.0705
-1.1718
-1.2243
-1.2262
-1.1512
-1.093
-1.0499
-0.98613
-0.90736
-0.79671
-0.67105
-0.53414
-0.43849
-0.3841
-0.32971
-0.24344
-0.16467
-0.10841
-0.063395
-0.054017
-0.087776
-0.1703
-0.28095
-0.40098
-0.52101
-0.60916
-0.67855
-0.72544
-0.74794
-0.74982
-0.75544
-0.73294
-0.69918
-0.67668
-0.67105
-0.63916
-0.57727
-0.51351
-0.46662
-0.44412
-0.44037
-0.39535
-0.32971
-0.25094
-0.18718
-0.10841
0.00037134
0.1279
0.24418
0.33233
0.38297
0.3961
0.39235
0.37547
0.33983
0.28544
0.24793
0.2048
0.12978
0.058511
0.0022468
-0.054017
-0.1009
-0.12529
-0.13279
-0.11403
-0.087776
-0.067146
-0.078399
-0.093402
-0.13466
-0.16842
-0.20406
-0.24907
-0.2772
-0.26407
-0.22093
-0.14967
-0.11591
-0.11028
-0.10841
-0.11216
-0.13091
-0.13466
-0.11966
-0.091527
-0.070896
-0.067146
-0.04464
-0.02401
-0.016508
-0.0015041
0.026628
0.067888
0.10352
0.11102
0.1054
0.088519
0.097896
0.10352
0.11853
0.1204
0.09227
0.05476
0.019126
0.00037134
-0.012757
-0.035263
-0.033387
-0.027761
-0.031512
-0.046516
-0.074648
-0.093402
-0.093402
-0.097154
-0.093402
-0.10466
-0.087776
-0.085901
-0.10466
-0.12529
-0.12904
-0.080274
-0.010882
0.07164
0.17854
0.25919
0.33045
0.38672
0.43173
0.45424
0.45611
0.44861
0.44861
0.4261
0.36796
0.26669
0.17292
0.073515
-0.050266
-0.20218
-0.35034
-0.47787
-0.56977
-0.63729
-0.67668
-0.67293
-0.62604
-0.56227
-0.49663
-0.42536
-0.31471
-0.16842
0.030379
0.25731
0.45236
0.56864
0.59677
0.53488
0.46361
0.36609
0.22355
0.037881
-0.13841
-0.25657
-0.28845
-0.2847
-0.27532
-0.27157
-0.27907
-0.30908
-0.34659
-0.38223
-0.40473
-0.40286
-0.35784
-0.30158
-0.24532
-0.22281
-0.22469
-0.20968
-0.14592
-0.040889
0.09227
0.23668
0.35859
0.45049
0.53676
0.61553
0.66804
0.67554
0.6249
0.52738
0.40547
0.30045
0.21042
0.13165
0.079141
0.062262
0.043507
0.0041223
-0.076523
-0.17592
-0.24344
-0.26782
-0.24907
-0.22093
-0.21906
-0.23031
-0.21718
-0.23594
-0.29595
-0.34659
-0.35222
-0.32034
-0.27907
-0.23219
-0.16842
-0.082149
-0.016508
0.049134
0.12978
0.21418
0.30607
0.36234
0.36796
0.33796
0.3042
0.28919
0.27419
0.24043
0.16916
0.10352
0.10352
0.16541
0.19542
0.17854
0.14666
0.13541
0.15041
0.15791
0.15041
0.15228
0.1973
0.24981
0.27232
0.28732
0.28169
0.24606
0.22355
0.22543
0.27419
0.34171
0.41298
0.44298
0.43173
0.40172
0.36796
0.32108
0.26669
0.2273
0.2198
0.23481
0.24981
0.26856
0.26481
0.22918
0.17667
0.14666
0.13728
0.12415
0.12415
0.1279
0.11665
0.079141
0.0135
-0.039014
-0.067146
-0.085901
-0.076523
-0.067146
-0.059644
-0.042765
0.0097487
0.079141
0.15791
0.19355
0.21605
0.22918
0.21605
0.21042
0.21042
0.20292
0.20855
0.20855
0.23481
0.27419
0.33233
0.42235
0.48987
0.53488
0.56864
0.5874
0.6024
0.6099
0.62865
0.61365
0.55551
0.518
0.518
0.51988
0.48612
0.41485
0.33233
0.3042
0.33796
0.39422
0.43548
0.43173
0.41485
0.35859
0.30045
0.24043
0.18417
0.14666
0.13353
0.11853
0.12978
0.16729
0.2198
0.28357
0.33796
0.38672
0.43736
0.48612
0.54051
0.57989
0.5949
0.57239
0.53488
0.49737
0.47112
0.44298
0.39235
0.33421
0.2967
0.24606
0.17104
0.099772
0.049134
0.037881
0.037881
0.019126
-0.020259
-0.052142
-0.040889
-0.018383
0.00037134
0.011624
0.0041223
0.019126
0.036005
0.028504
0.00037134
0.0059978
0.049134
0.081017
0.096021
0.090394
0.09227
0.081017
0.086643
0.094145
0.090394
0.07539
0.066013
0.07539
0.096021
0.12228
0.16354
0.20292
0.24043
0.25169
0.24981
0.24793
0.23481
0.21793
0.18417
0.15791
0.12978
0.081017
0.030379
-0.016508
-0.04464
-0.084025
-0.10466
-0.13466
-0.15904
-0.19093
-0.22469
-0.24157
-0.24532
-0.25657
-0.2772
-0.2997
-0.30533
-0.30346
-0.2997
-0.30908
-0.32971
-0.35222
-0.35972
-0.34097
-0.33159
-0.34472
-0.37097
-0.37472
-0.36722
-0.36535
-0.37097
-0.38035
-0.39348
-0.40473
-0.41036
-0.43661
-0.44412
-0.44787
-0.44974
-0.44224
-0.44224
-0.44974
-0.44037
-0.41974
-0.38973
-0.35972
-0.35034
-0.33534
-0.31658
-0.28845
-0.25844
-0.23219
-0.22093
-0.23219
-0.23031
-0.21343
-0.20218
-0.1928
-0.19843
-0.20968
-0.22093
-0.21531
-0.22656
-0.22281
-0.22281
-0.22469
-0.22093
-0.22093
-0.21906
-0.21718
-0.1853
-0.14592
-0.099029
-0.06527
-0.054017
-0.059644
-0.082149
-0.10841
-0.11591
-0.14404
-0.18905
-0.23406
-0.25094
-0.27532
-0.30721
-0.36347
-0.41223
-0.44224
-0.45162
-0.44412
-0.45162
-0.47225
-0.48538
-0.46475
-0.42911
-0.41036
-0.38973
-0.36347
-0.32596
-0.2922
-0.25282
-0.21531
-0.19468
-0.1778
-0.14029
-0.11591
-0.10466
-0.11028
-0.10841
-0.10841
-0.11216
-0.13654
-0.1928
-0.24157
-0.26595
-0.25657
-0.25469
-0.25282
-0.26032
-0.27157
-0.25657
-0.21343
-0.1853
-0.16842
-0.13654
-0.093402
-0.070896
-0.04464
0.0059978
0.032254
0.037881
0.041632
0.064138
0.10165
0.14666
0.19542
0.27044
0.30982
0.3267
0.3117
0.30045
0.29482
0.28544
0.26294
0.23668
0.21418
0.18792
0.14291
0.1054
0.07539
0.049134
0.0097487
-0.018383
-0.033387
-0.040889
-0.039014
-0.027761
-0.018383
0.0078732
0.037881
0.081017
0.1279
0.14666
0.16541
0.16916
0.16916
0.16541
0.14103
0.11102
0.077266
0.058511
0.056636
0.037881
0.017251
0.011624
0.0097487
0.0097487
0.021002
0.039756
0.064138
0.1054
0.14103
0.17854
0.2048
0.22355
0.22918
0.23293
0.24981
0.28169
0.32108
0.35296
0.37734
0.39047
0.40172
0.40172
0.41298
0.41485
0.37547
0.34358
0.33421
0.33796
0.33421
0.31358
0.29107
0.26481
0.23856
0.20855
0.19542
0.17667
0.16354
0.14666
0.15228
0.16729
0.18229
0.19542
0.21418
0.22918
0.24043
0.24981
0.27419
0.3117
0.32858
0.33983
0.35296
0.35296
0.36046
0.34733
0.3267
0.29107
0.25731
0.21042
0.16916
0.14291
0.1129
0.051009
-0.014632
-0.054017
-0.069021
-0.091527
-0.12341
-0.15342
-0.13841
-0.11778
-0.10841
-0.11778
-0.10466
-0.06527
-0.016508
0.019126
0.051009
0.069764
0.088519
0.10727
0.13916
0.14291
0.13353
0.11853
0.088519
0.049134
0.028504
-0.014632
-0.050266
-0.091527
-0.13279
-0.17592
-0.20593
-0.23219
-0.24157
-0.25094
-0.27907
-0.31283
-0.34097
-0.35034
-0.35972
-0.35784
-0.3691
-0.37097
-0.35972
-0.34284
-0.30908
-0.27907
-0.25844
-0.23781
-0.20968
-0.17967
-0.13841
-0.089651
-0.061519
-0.050266
-0.04464
-0.02401
-0.010882
-0.033387
-0.076523
-0.11216
-0.13279
-0.1703
-0.21906
-0.26407
-0.29783
-0.33346
-0.36722
-0.3991
-0.42536
-0.44599
-0.45912
-0.45912
-0.44599
-0.43849
-0.44974
-0.4685
-0.48538
-0.491
-0.47037
-0.43661
-0.41786
-0.40848
-0.39535
-0.37097
-0.34659
-0.35409
-0.3616
-0.35972
-0.33159
-0.32596
-0.32596
-0.32221
-0.32034
-0.33534
-0.32596
-0.31658
-0.31846
-0.31658
-0.2997
-0.25844
-0.20593
-0.15717
-0.12529
-0.093402
-0.037138
0.0022468
0.043507
0.07164
0.1129
0.13916
0.13353
0.13165
0.12978
0.11102
0.09227
0.096021
0.081017
0.07164
0.067888
0.05476
0.036005
0.030379
0.030379
0.037881
0.043507
0.041632
0.039756
0.066013
0.079141
0.073515
0.047258
0.041632
0.052885
0.066013
0.05476
0.030379
0.0059978
-0.010882
-0.010882
0.0022468
-0.014632
-0.050266
-0.074648
-0.078399
-0.085901
-0.099029
-0.099029
-0.11216
-0.13279
-0.13279
-0.12904
-0.14029
-0.14404
-0.17592
-0.1928
-0.18343
-0.15342
-0.11778
-0.11966
-0.11966
