-0.0058646
-0.00023098
-0.0021088
-0.015254
-0.011498
-0.0096203
-0.0021088
0.0016469
0.0054026
0.0072805
0.0072805
0.0035248
0.011036
0.018548
0.018548
0.0054026
-0.013376
-0.013376
-0.0021088
0.0054026
0.0054026
-0.00023098
-0.0096203
-0.0039867
0.0054026
0.011036
0.0091584
-0.017132
-0.020888
-0.011498
0.0054026
0.0091584
0.0054026
-0.0096203
-0.00023098
-0.0058646
-0.0096203
-0.0077425
-0.0021088
-0.0039867
-0.0096203
-0.0021088
0.0091584
0.0072805
-0.0077425
-0.017132
-0.0096203
0.0091584
0.022303
0.022303
0.014792
0.012914
0.0054026
0.0091584
0.012914
0.0091584
-0.0096203
-0.0077425
0.0054026
0.01667
0.014792
0.0016469
-0.011498
-0.0039867
0.012914
0.0054026
-0.0039867
-0.011498
0.0035248
0.0091584
0.014792
0.018548
0.011036
0.0016469
-0.011498
-0.0096203
-0.0021088
0.020426
0.027937
0.022303
0.0072805
-0.0077425
-0.017132
-0.01901
-0.011498
0.0016469
0.01667
0.022303
0.018548
0.012914
0.0072805
0.0054026
0.011036
0.01667
0.012914
0.0072805
0.0054026
-0.0077425
-0.0039867
-0.0058646
-0.0021088
-0.013376
-0.013376
0.0016469
0.0054026
0.0072805
0.0091584
0.011036
0.018548
0.01667
0.0016469
-0.011498
-0.0021088
0.011036
0.024181
0.018548
-0.00023098
-0.0058646
0.0072805
0.020426
0.020426
0.012914
0.0091584
0.0054026
-0.0039867
0.0016469
0.012914
0.022303
0.020426
0.0035248
-0.011498
-0.0039867
-0.0021088
-0.0058646
-0.0021088
0.0016469
-0.0096203
-0.013376
0.0091584
0.022303
0.0054026
-0.0077425
-0.0058646
-0.00023098
0.0016469
-0.0039867
-0.0058646
-0.011498
-0.013376
-0.013376
-0.0096203
-0.00023098
-0.00023098
-0.0039867
-0.00023098
0.0035248
0.0091584
0.011036
0.0016469
-0.0021088
0.0072805
0.01667
0.011036
0.0016469
-0.013376
-0.011498
-0.0077425
0.012914
0.01667
-0.0039867
-0.0058646
0.0016469
0.0091584
0.0072805
0.0016469
0.012914
0.024181
0.01667
-0.0077425
-0.015254
-0.0021088
0.0091584
0.0054026
0.0035248
0.0035248
-0.00023098
0.0072805
0.0054026
-0.0021088
-0.0058646
0.0054026
0.020426
0.012914
-0.0039867
-0.0039867
0.0016469
0.0091584
0.0054026
-0.00023098
-0.0021088
-0.0021088
-0.0021088
0.0016469
-0.00023098
-0.0021088
-0.0021088
0.0035248
0.011036
0.0091584
0.0054026
0.0016469
-0.00023098
-0.0058646
-0.013376
-0.0058646
0.014792
0.0072805
0.0072805
0.0072805
-0.00023098
-0.0077425
-0.0021088
-0.00023098
-0.0058646
-0.01901
-0.011498
0.0054026
0.026059
0.020426
0.014792
0.012914
0.0054026
0.012914
0.0035248
0.0035248
-0.0039867
-0.0021088
-0.00023098
-0.00023098
-0.0058646
-0.0039867
-0.0058646
-0.00023098
0.0054026
0.01667
0.012914
-0.0039867
-0.017132
-0.017132
-0.0077425
0.0091584
0.018548
0.0035248
-0.0077425
-0.0096203
-0.0021088
-0.0077425
-0.0021088
0.0035248
0.014792
0.0091584
-0.015254
-0.028399
-0.032155
-0.015254
0.0035248
0.014792
0.0091584
0.0035248
0.0091584
0.01667
0.018548
-0.0077425
-0.0096203
-0.00023098
0.0091584
0.011036
0.012914
0.0054026
0.0035248
0.0016469
-0.0058646
-0.011498
-0.0077425
0.0016469
0.0091584
0.011036
0.014792
0.014792
-0.00023098
-0.0039867
0.0035248
0.0054026
0.0035248
0.0054026
0.0072805
0.012914
0.0091584
0.0035248
-0.0058646
-0.013376
-0.0058646
-0.0039867
0.0016469
-0.00023098
0.0072805
0.012914
0.011036
0.018548
0.020426
0.01667
0.01667
0.0054026
-0.00023098
-0.0096203
-0.011498
-0.0077425
-0.0021088
-0.0077425
-0.013376
-0.0077425
0.0035248
0.0054026
0.014792
0.0072805
0.0072805
0.0072805
-0.00023098
-0.01901
-0.022765
-0.0039867
0.0054026
-0.0096203
-0.011498
-0.0021088
0.0091584
0.024181
0.027937
0.01667
0.0054026
-0.013376
-0.020888
-0.022765
-0.024643
-0.0077425
-0.0039867
0.0016469
-0.0021088
-0.0021088
-0.00023098
0.0035248
-0.0021088
-0.0058646
0.0016469
0.0091584
0.0072805
0.0016469
-0.0077425
-0.011498
-0.0021088
0.0035248
-0.0039867
-0.0021088
-0.00023098
0.0054026
0.0072805
0.0091584
-0.0058646
-0.0077425
-0.0096203
0.0016469
0.020426
0.0054026
0.0016469
0.0035248
0.011036
0.01667
0.020426
0.020426
0.0016469
-0.0021088
0.011036
0.022303
0.020426
0.01667
0.020426
0.0072805
-0.0058646
0.0035248
0.0072805
0.0091584
0.01667
0.018548
0.01667
0.0072805
-0.0058646
-0.00023098
0.0091584
-0.00023098
-0.015254
-0.0096203
0.0091584
0.0091584
0.0016469
-0.00023098
0.0091584
0.0035248
-0.0077425
-0.011498
-0.015254
-0.011498
-0.0096203
-0.0058646
-0.013376
-0.028399
-0.028399
-0.011498
-0.00023098
-0.00023098
0.0016469
0.0016469
0.0035248
0.0016469
0.01667
0.026059
0.011036
-0.0077425
-0.0096203
0.0035248
-0.00023098
0.0016469
0.011036
0.011036
0.0016469
0.011036
0.011036
0.0035248
0.0016469
0.0054026
0.014792
0.011036
-0.0021088
-0.0058646
0.0035248
0.0016469
-0.0096203
-0.015254
-0.011498
0.0054026
0.0054026
-0.0077425
-0.020888
-0.0077425
0.0091584
0.0054026
-0.00023098
-0.020888
-0.017132
-0.011498
-0.00023098
0.0016469
0.018548
0.024181
0.020426
0.012914
0.0072805
-0.0058646
-0.015254
-0.013376
-0.013376
-0.0077425
-0.0039867
0.0016469
0.0091584
-0.00023098
-0.020888
-0.020888
-0.0058646
-0.0077425
-0.024643
-0.020888
-0.0021088
0.011036
0.0091584
-0.0021088
-0.015254
-0.017132
-0.017132
-0.013376
-0.013376
-0.0058646
-0.0021088
-0.0096203
-0.0039867
-0.0077425
-0.0077425
-0.011498
-0.011498
-0.0058646
-0.0039867
0.0016469
-0.0039867
0.0016469
-0.0058646
-0.015254
-0.0096203
-0.015254
-0.028399
-0.032155
-0.024643
-0.015254
-0.0096203
0.0016469
-0.0021088
-0.00023098
0.0054026
0.0072805
-0.00023098
-0.0058646
-0.0058646
-0.0058646
-0.015254
-0.01901
-0.017132
0.0016469
0.0072805
0.018548
0.0072805
-0.00023098
-0.0077425
-0.0039867
0.0016469
0.012914
0.0054026
0.0016469
0.0054026
0.0016469
-0.0039867
-0.0077425
-0.00023098
0.0072805
0.0072805
-0.015254
-0.017132
-0.013376
-0.0077425
-0.0058646
-0.0077425
-0.013376
-0.0058646
0.0035248
0.0035248
0.0016469
-0.0021088
0.0091584
0.014792
0.0072805
0.0016469
-0.0021088
-0.0096203
-0.011498
-0.017132
-0.0021088
0.0035248
0.0016469
-0.011498
-0.022765
-0.01901
-0.0039867
0.0035248
0.0072805
0.0072805
0.011036
0.012914
0.01667
0.024181
0.029815
0.022303
0.0072805
-0.0096203
-0.0077425
0.0035248
0.012914
-0.0077425
-0.015254
-0.0021088
0.0054026
0.011036
0.012914
0.0072805
-0.0039867
-0.0077425
0.0035248
0.0016469
-0.011498
-0.017132
-0.0096203
0.0016469
0.0016469
-0.0039867
-0.0077425
-0.0021088
-0.00023098
0.0035248
0.0016469
-0.00023098
0.0016469
0.0016469
0.0035248
-0.00023098
-0.0021088
-0.0096203
-0.0021088
0.0016469
-0.011498
-0.0096203
-0.0096203
-0.0039867
0.0035248
0.0072805
0.0091584
0.0091584
0.0016469
0.0016469
-0.0077425
-0.0039867
0.0054026
0.0072805
0.0054026
0.0054026
0.0072805
0.0054026
-0.0021088
-0.00023098
-0.00023098
0.0035248
0.011036
0.012914
0.0072805
0.011036
0.012914
0.014792
0.0054026
-0.00023098
0.0091584
0.0054026
-0.0021088
-0.0039867
0.0035248
0.014792
0.011036
-0.0058646
-0.017132
-0.020888
-0.013376
-0.0039867
0.0016469
-0.00023098
0.0054026
0.0072805
0.0091584
-0.00023098
-0.0021088
-0.011498
-0.015254
-0.0077425
0.0035248
0.0091584
-0.0021088
-0.0021088
0.0054026
0.0072805
0.0072805
0.0035248
-0.0039867
-0.0077425
-0.0096203
0.0054026
0.012914
0.012914
0.0035248
-0.00023098
-0.00023098
-0.015254
-0.0039867
0.0016469
0.0072805
0.0091584
0.0091584
0.0091584
0.0016469
-0.0039867
-0.0096203
-0.0077425
0.0035248
0.0035248
0.0035248
0.0091584
0.014792
0.014792
0.014792
0.022303
0.024181
0.014792
-0.0058646
-0.0096203
-0.00023098
0.011036
0.018548
0.0016469
-0.026521
-0.028399
-0.013376
0.012914
0.011036
-0.0077425
-0.024643
-0.01901
-0.017132
-0.0077425
0.0072805
0.011036
0.018548
0.011036
0.0035248
-0.011498
-0.0096203
0.0054026
0.01667
0.020426
0.0054026
-0.0077425
-0.013376
-0.0077425
-0.0021088
-0.0021088
-0.0096203
-0.0039867
0.0054026
0.0091584
0.0016469
-0.013376
-0.015254
-0.0021088
-0.0021088
-0.0039867
-0.0021088
0.0016469
0.0035248
-0.0039867
-0.015254
-0.01901
-0.013376
-0.00023098
-0.0021088
-0.0077425
-0.0021088
0.0072805
0.011036
-0.0021088
-0.0021088
-0.00023098
0.0035248
-0.0058646
-0.01901
-0.015254
-0.01901
-0.020888
-0.022765
-0.015254
0.0016469
0.018548
0.0016469
-0.013376
-0.0077425
-0.0021088
0.0035248
0.0091584
0.011036
-0.0021088
-0.0096203
-0.0077425
-0.0021088
0.0072805
0.0091584
0.012914
0.0091584
0.0054026
0.0091584
-0.0021088
-0.011498
-0.0058646
0.0091584
-0.0039867
-0.024643
-0.024643
-0.013376
0.0016469
0.020426
0.01667
-0.0021088
-0.011498
0.0035248
0.011036
0.0016469
0.0035248
0.0016469
-0.0058646
-0.0077425
0.0016469
-0.00023098
-0.0021088
0.0035248
0.0072805
0.0072805
-0.00023098
-0.015254
-0.013376
0.0054026
0.011036
-0.0077425
-0.0039867
0.0035248
0.0035248
-0.0021088
-0.013376
-0.015254
-0.0096203
0.0016469
0.012914
0.012914
0.0054026
0.01667
0.012914
-0.00023098
-0.011498
-0.0021088
0.011036
0.011036
-0.011498
-0.026521
-0.017132
0.0016469
0.0035248
-0.00023098
-0.015254
-0.024643
-0.015254
-0.0077425
-0.0077425
-0.0077425
-0.0021088
-0.0021088
-0.011498
-0.013376
-0.0039867
0.0016469
0.0016469
-0.00023098
-0.0058646
-0.0039867
-0.00023098
0.0035248
0.0035248
-0.0021088
-0.0096203
-0.0039867
0.0072805
-0.00023098
0.0016469
0.0054026
0.0072805
0.0035248
0.0016469
-0.0021088
-0.0096203
-0.00023098
0.0054026
0.0035248
0.0054026
0.0035248
0.0035248
0.0016469
0.0016469
-0.0096203
-0.015254
-0.0096203
-0.0096203
-0.0021088
0.0054026
0.011036
0.0054026
-0.0021088
-0.0039867
0.0016469
0.011036
0.014792
0.0072805
-0.0039867
-0.017132
-0.017132
-0.0021088
0.0091584
0.012914
0.0054026
0.0054026
0.0035248
0.0035248
-0.011498
-0.024643
-0.022765
-0.011498
0.0016469
0.0035248
-0.0039867
-0.0096203
-0.015254
-0.0039867
-0.0058646
-0.015254
-0.013376
-0.0058646
-0.0077425
-0.00023098
-0.0039867
-0.0077425
-0.00023098
0.018548
0.014792
-0.0058646
-0.022765
-0.011498
-0.0021088
-0.00023098
0.0035248
0.012914
0.012914
0.020426
0.012914
0.0072805
-0.0058646
-0.022765
-0.028399
-0.028399
-0.0039867
0.014792
0.014792
0.0035248
-0.0096203
-0.00023098
0.0072805
0.0054026
-0.0021088
-0.0077425
0.0054026
0.0091584
0.014792
0.012914
0.0072805
0.0035248
-0.017132
-0.0096203
-0.00023098
0.0016469
-0.0021088
-0.0058646
-0.015254
-0.030277
-0.030277
-0.01901
-0.00023098
-0.0021088
-0.0077425
-0.011498
-0.0077425
-0.0077425
0.0054026
0.0054026
0.0072805
0.0035248
-0.013376
-0.024643
-0.0096203
0.0016469
-0.0039867
-0.0077425
-0.015254
-0.011498
-0.0021088
-0.013376
-0.015254
-0.0077425
-0.0039867
-0.00023098
-0.00023098
-0.0058646
-0.0096203
-0.0039867
-0.0021088
-0.0077425
-0.0021088
0.0016469
0.0054026
-0.0021088
-0.011498
-0.0021088
0.011036
0.012914
0.011036
0.0072805
0.0054026
-0.0077425
-0.020888
-0.01901
-0.011498
-0.0058646
-0.00023098
0.0072805
-0.0096203
-0.022765
-0.015254
0.0072805
0.0072805
0.0035248
-0.01901
-0.032155
-0.034033
-0.01901
-0.015254
0.0016469
0.01667
0.020426
0.022303
0.012914
0.0054026
0.014792
0.022303
0.018548
0.0072805
0.0016469
0.0035248
0.0035248
0.0035248
0.0072805
0.012914
0.0054026
-0.0096203
-0.0039867
0.0091584
0.0072805
0.0016469
0.0054026
0.014792
0.01667
0.01667
-0.00023098
0.0054026
0.0072805
-0.0096203
-0.0096203
0.0016469
0.011036
0.014792
0.0072805
0.0016469
0.0016469
0.0016469
0.0035248
0.0016469
-0.00023098
0.0016469
-0.00023098
-0.0021088
0.0035248
0.020426
0.01667
0.0054026
-0.00023098
-0.00023098
0.0091584
0.0016469
-0.0077425
-0.0077425
0.012914
0.022303
0.0072805
-0.0096203
-0.0077425
-0.0039867
0.011036
0.01667
0.0091584
0.0035248
0.0035248
-0.0058646
-0.0058646
-0.0077425
-0.0096203
-0.0039867
0.0091584
0.0035248
-0.022765
-0.017132
-0.0039867
0.0091584
0.0091584
0.012914
0.0035248
0.0016469
0.0072805
0.018548
0.0054026
-0.0058646
-0.0077425
-0.0039867
-0.0058646
0.0072805
0.014792
0.0091584
0.0054026
0.0072805
-0.0021088
0.0035248
0.018548
0.024181
0.018548
-0.0021088
-0.011498
-0.0021088
0.0054026
-0.0039867
-0.0021088
0.0072805
0.0054026
0.0091584
0.0054026
0.011036
0.0072805
0.01667
0.029815
0.027937
0.022303
0.0035248
0.0016469
0.0072805
0.0054026
-0.011498
-0.011498
-0.017132
-0.011498
-0.0039867
-0.0021088
0.0035248
0.0091584
0.0091584
0.0054026
0.0016469
0.0016469
-0.0096203
-0.0021088
0.0035248
0.0054026
0.014792
0.01667
0.0054026
-0.0058646
0.0091584
0.022303
0.014792
0.0054026
0.0035248
-0.0021088
-0.011498
-0.011498
-0.013376
0.0016469
0.0072805
0.0054026
-0.0077425
-0.0039867
0.0016469
0.0072805
0.0091584
0.0016469
-0.015254
-0.0096203
0.0054026
0.0072805
0.0072805
-0.0077425
-0.0077425
-0.0021088
0.0091584
0.020426
0.024181
0.01667
0.0072805
0.012914
0.01667
0.014792
0.011036
-0.0021088
-0.015254
-0.0077425
0.0072805
0.0091584
0.014792
0.018548
0.014792
0.0091584
-0.0077425
-0.01901
-0.0039867
0.012914
0.033571
0.033571
0.014792
-0.0058646
-0.013376
-0.0021088
0.0035248
0.020426
0.033571
0.022303
0.01667
0.011036
-0.00023098
-0.0021088
-0.0058646
0.0054026
0.0091584
0.0035248
-0.0021088
0.0091584
0.026059
0.022303
0.014792
0.0016469
-0.013376
-0.028399
-0.020888
-0.0039867
0.011036
-0.0039867
-0.011498
0.0016469
0.022303
0.018548
0.0091584
-0.0039867
-0.0077425
0.0016469
0.0054026
0.0054026
0.0091584
0.0091584
0.0016469
0.0016469
0.0072805
0.0054026
-0.00023098
0.018548
0.018548
0.011036
-0.0058646
-0.020888
-0.020888
-0.017132
-0.0096203
-0.0058646
-0.0039867
-0.0096203
-0.013376
-0.011498
-0.0039867
0.011036
0.01667
0.011036
-0.00023098
-0.00023098
-0.0058646
-0.0039867
-0.0039867
-0.00023098
0.0091584
0.014792
0.01667
0.0091584
0.011036
0.011036
-0.0021088
-0.0058646
-0.0077425
-0.0096203
-0.0039867
0.011036
0.011036
0.0054026
-0.0039867
0.0016469
-0.011498
-0.011498
-0.01901
-0.017132
-0.017132
-0.022765
-0.020888
-0.0039867
0.012914
0.014792
0.0054026
0.0091584
0.014792
0.012914
-0.0058646
-0.013376
-0.011498
-0.00023098
0.0054026
0.0054026
-0.0096203
-0.020888
-0.022765
-0.013376
-0.011498
-0.011498
-0.0058646
0.0072805
0.018548
0.020426
0.020426
0.011036
0.0072805
0.0035248
0.0016469
-0.0058646
0.0072805
0.020426
0.014792
-0.0039867
-0.0058646
0.012914
0.026059
0.022303
0.0091584
-0.0021088
0.0072805
0.018548
0.020426
0.018548
0.0091584
0.0072805
-0.0077425
-0.011498
-0.0039867
0.020426
0.026059
0.0054026
0.0035248
0.0054026
0.0054026
-0.0021088
-0.015254
-0.0077425
-0.0058646
-0.0077425
-0.015254
-0.011498
0.0016469
-0.00023098
-0.0058646
-0.0039867
0.0091584
0.01667
0.01667
0.0091584
0.0016469
0.0035248
0.014792
0.018548
0.018548
-0.0039867
-0.024643
-0.013376
0.0054026
0.014792
0.0016469
-0.0021088
0.0016469
-0.0039867
0.0016469
-0.00023098
-0.0096203
-0.022765
-0.024643
-0.015254
-0.0039867
-0.011498
-0.011498
-0.0096203
-0.0021088
-0.0096203
-0.026521
-0.026521
-0.020888
-0.020888
-0.020888
-0.015254
0.0035248
0.0091584
-0.00023098
0.0016469
0.0091584
0.0072805
-0.0096203
-0.017132
-0.0096203
0.0035248
0.014792
0.0054026
-0.0039867
0.0035248
0.011036
0.014792
0.018548
0.0091584
0.018548
0.020426
0.0072805
0.0016469
-0.0021088
0.0016469
0.0035248
-0.0039867
-0.0021088
-0.0039867
-0.00023098
0.0072805
-0.0021088
-0.0021088
-0.0021088
-0.0039867
-0.0039867
-0.00023098
0.0035248
0.0072805
0.012914
0.014792
0.0072805
0.0035248
0.0035248
0.0091584
0.012914
0.0054026
-0.0077425
-0.0096203
-0.0077425
0.0072805
0.012914
0.012914
0.0072805
0.0054026
0.0016469
-0.0096203
-0.0096203
-0.0021088
0.0054026
0.011036
0.01667
0.0072805
-0.0021088
-0.013376
-0.011498
-0.011498
-0.0077425
-0.0096203
0.0016469
0.0072805
-0.0039867
-0.0077425
0.0072805
0.012914
-0.00023098
-0.0021088
-0.0077425
-0.0096203
-0.0039867
-0.0021088
-0.013376
-0.015254
-0.0096203
-0.0021088
0.011036
0.0072805
-0.0077425
0.0035248
0.01667
0.022303
0.011036
0.0035248
0.014792
0.024181
0.011036
0.0054026
0.0016469
-0.0021088
0.012914
0.014792
0.014792
0.0072805
-0.00023098
0.011036
0.018548
0.012914
0.014792
0.01667
0.014792
0.0072805
-0.0077425
-0.011498
-0.0058646
0.0091584
0.020426
0.01667
-0.0021088
-0.015254
-0.013376
-0.0021088
0.0016469
-0.0021088
0.0016469
0.0054026
0.0091584
0.01667
0.024181
0.020426
0.0072805
0.0016469
-0.0058646
-0.0077425
-0.0096203
0.0054026
0.0072805
0.0072805
0.0072805
0.018548
0.01667
-0.0039867
0.0016469
0.014792
0.020426
-0.0021088
-0.015254
-0.020888
-0.015254
-0.0039867
-0.0077425
-0.015254
-0.00023098
0.0091584
0.0035248
0.0035248
0.0091584
0.012914
0.012914
-0.0058646
-0.013376
-0.015254
0.0054026
0.020426
0.029815
0.0091584
-0.0077425
-0.011498
-0.0077425
-0.00023098
-0.0077425
-0.015254
-0.00023098
0.0054026
-0.0021088
-0.017132
-0.01901
0.0054026
0.012914
0.0091584
-0.0077425
-0.020888
-0.011498
-0.00023098
0.0054026
-0.00023098
-0.00023098
-0.0021088
-0.00023098
-0.0096203
-0.0021088
0.0035248
0.012914
0.011036
0.0016469
0.0054026
0.0091584
0.012914
0.0072805
0.0054026
-0.0096203
-0.01901
-0.0096203
0.0035248
0.0054026
0.0035248
-0.0058646
0.012914
0.029815
0.033571
0.01667
0.0035248
0.011036
0.033571
0.031693
0.012914
0.0054026
-0.00023098
-0.0077425
-0.0021088
-0.0021088
-0.0021088
0.0072805
0.011036
-0.0021088
0.0016469
0.0035248
0.011036
0.011036
0.01667
0.0035248
0.0054026
0.0035248
-0.0039867
-0.0039867
0.0016469
0.0035248
-0.0039867
-0.011498
-0.013376
-0.0096203
0.0072805
0.012914
0.0072805
0.0091584
0.0091584
0.01667
0.024181
0.026059
0.01667
0.0091584
-0.0058646
-0.011498
-0.0039867
0.0054026
0.0016469
-0.0058646
0.0072805
0.0091584
0.014792
0.026059
0.01667
-0.0077425
-0.013376
-0.0058646
0.0072805
0.0072805
0.0016469
0.0054026
0.012914
0.0035248
-0.00023098
-0.0058646
-0.0021088
0.0054026
0.018548
0.01667
0.014792
0.012914
-0.0021088
-0.011498
-0.0096203
-0.00023098
0.0035248
-0.00023098
-0.011498
-0.01901
0.0016469
0.024181
0.027937
0.0054026
-0.0021088
0.0016469
-0.0021088
-0.0058646
-0.011498
-0.0058646
0.0091584
0.022303
0.01667
0.018548
0.01667
0.0054026
-0.0039867
0.0091584
0.0035248
0.0016469
0.0072805
0.014792
0.011036
-0.0039867
-0.0096203
-0.0039867
0.0016469
-0.00023098
0.0072805
0.012914
0.0016469
0.0016469
0.014792
0.0072805
0.0035248
0.0035248
0.0035248
0.0054026
0.0072805
0.011036
0.0091584
0.0091584
0.0016469
-0.0096203
-0.0077425
0.014792
0.01667
0.0016469
-0.013376
-0.0077425
-0.0058646
-0.0096203
-0.0039867
-0.0021088
-0.0021088
0.0054026
0.0016469
-0.0058646
-0.00023098
0.01667
0.022303
0.01667
0.0091584
0.0054026
-0.0021088
-0.00023098
0.011036
0.014792
0.0035248
-0.0058646
0.0016469
0.0054026
0.012914
0.027937
0.031693
0.029815
0.022303
0.0091584
-0.0096203
-0.0077425
-0.0058646
0.0054026
0.011036
0.0054026
-0.0021088
-0.0077425
-0.0021088
0.0054026
0.0054026
-0.00023098
0.0091584
0.0054026
-0.00023098
0.0072805
0.0035248
-0.0039867
0.0072805
0.024181
0.026059
0.0054026
0.0035248
0.0054026
0.024181
0.035449
0.033571
0.014792
0.0072805
0.0035248
0.0054026
0.011036
0.0091584
0.0091584
-0.0039867
-0.0021088
0.018548
0.027937
0.026059
0.0072805
0.0072805
0.0091584
0.014792
0.01667
0.012914
0.0072805
-0.00023098
-0.0021088
0.0072805
0.01667
0.01667
0.0091584
0.012914
-0.00023098
-0.015254
-0.0021088
0.012914
0.0035248
-0.0058646
0.0035248
0.020426
0.018548
-0.00023098
-0.0077425
-0.00023098
0.0054026
0.01667
0.020426
0.012914
0.0035248
0.0072805
0.012914
-0.00023098
-0.013376
-0.0077425
0.012914
0.020426
0.014792
0.0035248
0.011036
0.014792
0.022303
0.029815
0.018548
0.011036
0.0091584
0.026059
0.022303
0.018548
0.0072805
0.0072805
0.012914
0.029815
0.035449
0.020426
0.0054026
0.0035248
0.0091584
0.020426
0.026059
0.01667
0.01667
0.01667
0.018548
0.014792
0.0054026
0.0091584
0.0091584
0.014792
0.0035248
-0.0039867
0.0072805
0.01667
0.027937
0.027937
0.01667
0.018548
0.022303
0.022303
0.018548
0.020426
0.012914
0.0072805
0.024181
0.035449
0.01667
0.0054026
0.0072805
0.014792
0.01667
0.01667
0.012914
0.0035248
-0.0096203
-0.015254
0.0016469
0.024181
0.050471
0.041082
0.033571
0.026059
0.018548
0.01667
0.035449
0.035449
0.014792
0.011036
0.020426
0.024181
0.024181
0.0072805
0.0016469
0.012914
0.026059
0.035449
0.026059
0.026059
0.029815
0.031693
0.022303
0.020426
0.022303
0.022303
0.022303
0.020426
0.027937
0.037326
0.048594
0.044838
0.027937
0.014792
0.012914
0.022303
0.029815
0.029815
0.037326
0.04296
0.04296
0.029815
0.031693
0.037326
0.033571
0.031693
0.031693
0.04296
0.050471
0.050471
0.046716
0.052349
0.056105
0.048594
0.056105
0.067372
0.059861
0.050471
0.046716
0.056105
0.065494
0.063617
0.063617
0.067372
0.071128
0.071128
0.06925
0.057983
0.052349
0.046716
0.050471
0.050471
0.065494
0.073006
0.06925
0.050471
0.052349
0.073006
0.076762
0.067372
0.074884
0.080518
0.086151
0.080518
0.06925
0.065494
0.056105
0.056105
0.076762
0.10681
0.093662
0.082395
0.076762
0.086151
0.074884
0.063617
0.073006
0.089907
0.10869
0.11056
0.10869
0.09554
0.093662
0.093662
0.091784
0.10493
0.12746
0.13685
0.12183
0.10305
0.091784
0.10493
0.12559
0.14061
0.14624
0.14624
0.15188
0.16878
0.1669
0.16127
0.15751
0.15375
0.15939
0.16314
0.18192
0.18004
0.18192
0.18943
0.19131
0.18943
0.1838
0.19319
0.20633
0.21197
0.21948
0.23638
0.23826
0.22887
0.22699
0.23826
0.25516
0.26267
0.26267
0.25704
0.25704
0.26079
0.28145
0.28896
0.29835
0.31901
0.33403
0.3453
0.35469
0.34717
0.34717
0.34717
0.35844
0.37534
0.38285
0.37722
0.38098
0.37722
0.37346
0.39037
0.42604
0.45985
0.48614
0.48801
0.48426
0.48989
0.50867
0.52745
0.54623
0.57815
0.5913
0.59505
0.61571
0.64763
0.68519
0.69833
0.70021
0.70585
0.72838
0.77908
0.81289
0.82791
0.82603
0.82979
0.85795
0.88612
0.91617
0.95936
0.99128
1.0288
1.072
1.1096
1.1396
1.1791
1.226
1.2974
1.3406
1.3481
1.4326
1.5584
1.6429
1.688
1.7312
1.795
1.8814
1.9734
2.0466
2.0823
2.1218
2.1912
2.2532
2.2926
2.3415
2.4147
2.5124
2.6457
2.8016
2.9668
3.1508
3.348
3.5734
3.8081
4.0409
4.2757
4.5724
4.9592
5.3968
5.7836
6.1291
6.5235
6.9498
7.361
7.7422
8.1704
8.6849
9.2952
9.9581
10.692
11.56
12.66
14.02
15.457
16.722
17.84
19.105
20.578
21.943
22.788
23.021
22.741
22.196
21.753
21.43
20.41
17.832
13.811
9.3835
5.239
0.99692
-3.4424
-6.8075
-7.7877
-6.1671
-2.9034
0.53684
3.4494
6.223
8.8783
10.929
12.204
12.401
10.978
8.7544
7.8793
8.8953
10.356
10.555
9.0248
6.3132
4.1442
4.0428
5.3442
5.7836
5.2484
5.5939
7.1113
9.2595
11.588
13.513
14.45
13.973
12.946
12.694
14.234
17.087
19.505
20.035
18.829
17.062
15.749
15.802
16.675
16.754
15.395
12.617
8.3018
3.6147
-0.0058646
-1.9457
-2.1372
-0.96545
0.34154
0.39412
-0.71006
-2.1823
-3.6564
-5.0047
-5.6413
-4.7099
-2.1973
0.93307
3.4025
4.7301
5.3761
5.6878
5.5583
5.2202
5.3949
6.1592
6.6286
6.1122
4.9592
3.778
2.8429
2.0992
1.4194
0.97814
1.1584
1.8269
2.6551
3.4907
3.6579
2.7208
1.4194
0.68894
0.64763
1.1997
2.1236
3.1001
3.8363
3.8569
2.8203
1.1171
-0.56359
-2.3851
-4.5353
-6.1803
-6.7812
-6.7399
-6.4676
-6.0657
-5.8197
-5.7052
-5.5099
-4.9597
-4.0808
-3.4649
-3.371
-3.3954
-3.3973
-3.4724
-3.7785
-4.0414
-4.0714
-3.8686
-3.4705
-3.063
-2.7344
-2.2124
-1.0462
0.43731
1.6166
2.4072
2.0823
0.76031
0.66266
1.9114
2.3058
0.90302
-1.5607
-3.7485
-5.0648
-5.2507
-4.7099
-4.1503
-3.7747
-3.3485
-2.8828
-2.5804
-2.3025
-2.1804
-2.5936
-3.1288
-2.8771
-1.9081
-1.2133
-1.5363
-2.6968
-4.2611
-5.8442
-7.4648
-9.1004
-10.169
-10.837
-12.169
-14.584
-17.125
-18.743
-18.98
-18.202
-17.532
-16.458
-14.39
-11.585
-8.706
-6.5502
-6.2761
-7.8291
-9.8215
-10.678
-10.392
-9.7802
-9.8046
-10.028
-9.7145
-9.3689
-9.7088
-11.339
-13.517
-14.578
-13.019
-9.6844
-6.9972
-5.8122
-5.4536
-5.093
-5.4479
-6.5221
-6.7361
-5.2282
-3.0029
-1.3654
-1.4837
-3.9832
-7.2469
-9.7088
-10.552
-9.5135
-7.5136
-6.6854
-6.062
-3.8837
-0.31383
2.5274
2.1424
-1.1063
-3.7973
-2.8734
0.24201
2.1912
1.6861
-0.032155
-1.3504
-2.3006
-3.3372
-4.4846
-5.662
-6.5108
-6.6216
-6.5427
-7.476
-8.6685
-9.0591
-8.0619
-6.0263
-4.5221
-4.5203
-5.2019
-5.3766
-4.3907
-1.9401
1.5584
3.763
4.1536
3.8438
2.7415
0.63449
-1.4875
-2.1804
-1.1833
0.55562
2.717
5.162
7.2878
8.6211
9.207
9.9168
11.029
11.464
10.764
9.7797
8.2155
5.1433
2.0185
1.5208
3.8588
6.8521
8.7638
8.5666
6.9178
5.0043
3.3705
3.1621
3.6766
3.3067
2.5161
2.3678
2.518
1.9565
1.2598
1.7443
3.3499
5.2071
6.6361
7.4286
8.3544
9.4492
9.99
10.009
10.268
11.233
13.055
15.772
18.857
21.95
25.317
28.405
29.616
27.359
22.536
18.36
16.625
13.535
6.546
-0.93166
-3.3485
-0.24248
4.9893
8.469
7.284
3.1734
-1.1101
-2.8696
-1.9138
-1.6002
-0.90349
2.5724
6.9573
8.8727
7.7479
6.4521
6.8352
6.8821
3.8438
-0.60303
-0.95794
2.165
3.7029
1.9283
-0.91851
-3.2508
-3.8874
-2.1748
-0.35327
-1.0162
-4.1766
-7.2131
-7.938
-5.955
-2.5616
0.8204
2.8466
2.6494
1.5396
0.96499
0.68707
0.14249
-1.2396
-2.4809
-1.9326
2.2776
7.3291
8.8501
7.5601
5.8568
4.1574
2.518
1.318
-0.89222
-4.7024
-8.1295
-9.8234
-10.796
-11.782
-11.395
-9.0872
-6.8376
-5.7371
-4.5184
-3.3034
-2.7701
-2.9015
-2.9015
-1.9588
-0.89034
-0.099758
0.50116
0.70209
0.0035248
-1.3673
-2.4678
-3.3372
-4.3738
-4.8339
-3.463
-0.1298
2.2551
0.7528
-3.6715
-7.8591
-9.9661
-10.336
-10.199
-9.0365
-6.4169
-3.1269
-0.67439
1.3049
3.7968
5.4963
5.5357
5.1602
5.0982
3.8494
0.82979
-1.9081
-1.8781
0.54623
1.1734
-2.4208
-6.5277
-6.5953
-3.3334
-0.017132
1.3124
1.0833
0.64388
-0.026521
-0.98423
-1.3711
-0.62556
0.86171
2.0542
2.3678
1.9058
1.2748
0.7772
0.27394
-0.21806
-0.52603
-0.77392
-1.0593
-0.41712
0.98941
1.6805
0.94433
-0.64434
-1.3823
-0.56547
-0.19553
-1.6546
-3.6132
-4.77
-4.7625
-3.7015
-1.9964
0.12559
2.041
2.3696
1.2204
-0.26313
-1.3767
-1.249
-0.43965
-0.342
-1.0838
-1.8161
-2.0772
-1.8856
-1.51
-1.0312
-0.43214
0.037326
0.68143
1.7274
2.518
2.3377
0.98377
-0.45655
-0.77016
-0.68378
-1.2152
-1.8368
-2.0302
-1.7936
-1.2791
-0.95794
-0.80959
-0.79457
-1.3072
-2.3025
-3.1175
-3.4424
-3.3165
-2.4377
-0.96733
-0.26877
-0.76077
-1.4706
-1.7767
-1.7635
-1.679
-1.8819
-2.4039
-2.8734
-3.0048
-2.7701
-2.449
-2.5579
-3.2208
-3.9832
-4.3832
-4.5747
-4.7606
-4.924
-5.0742
-5.1963
-5.2958
-5.5155
-5.4385
-4.8395
-4.2273
-3.7597
-3.1381
-2.357
-1.8612
-1.8312
-1.7279
-1.5138
-1.3899
-1.1589
-0.79457
-0.23684
0.73965
1.9903
2.7302
2.1762
0.76594
-0.42651
-0.83776
-0.7326
-0.61993
-0.92978
-1.5495
-2.0809
-2.1541
-1.5908
-0.52228
0.39412
0.71524
0.51618
-0.062201
-0.39646
-0.21243
-0.32886
-1.4218
-3.0048
-3.9607
-3.7766
-2.8508
-1.7222
-0.85654
-0.41148
-0.2575
-0.15046
-0.064078
-0.099758
-0.13919
0.2176
1.1528
2.1368
2.4335
1.8664
0.94997
0.2176
-0.077224
0.056105
0.40351
0.80725
1.104
1.3387
1.4777
1.1584
0.35469
-0.36829
-0.66688
-0.79645
-0.76453
-0.37393
0.24765
0.60444
0.29084
-0.49223
-0.88658
-0.37768
0.58754
1.4119
1.7706
1.596
1.3293
1.3331
1.5377
1.795
2.0166
2.0035
1.7762
1.5058
1.2673
0.98002
0.81289
1.0889
1.6767
2.1537
2.1312
1.6485
0.9049
0.20446
-0.088491
0.082395
0.52745
0.96687
1.3274
1.6955
2.0391
2.0673
1.5753
0.95185
0.7265
0.7772
0.67393
0.23262
-0.2913
-0.49035
-0.38895
-0.32135
-0.43402
-0.71758
-1.0687
-1.2828
-1.2791
-1.1532
-1.0331
-1.0199
-1.1795
-1.5307
-1.7598
-1.6772
-1.1345
-0.24623
0.57064
1.0645
1.3424
1.5377
1.6617
1.5791
1.1659
0.8542
0.94997
1.2335
1.3462
1.1734
0.82791
0.61007
0.58754
0.64388
0.72087
0.82415
1.0833
1.5528
2.0035
2.1499
1.9903
1.7819
1.6673
1.6598
1.6786
1.703
1.7837
1.9621
2.1537
2.195
2.088
1.9283
1.8063
1.8157
1.9509
2.0692
2.0617
1.9321
1.6467
1.2486
0.80537
0.43543
0.2514
0.3115
0.46924
0.58942
0.66641
0.59505
0.33591
0.067372
-0.12417
-0.28003
-0.41712
-0.46406
-0.39271
-0.31196
-0.28942
-0.33261
-0.31383
-0.10164
0.18943
0.29084
0.080518
-0.36266
-0.80959
-1.1044
-1.2546
-1.2847
-1.2415
-1.1194
-0.98611
-0.92602
-0.87907
-0.80959
-0.71382
-0.62744
-0.53167
-0.36454
-0.07159
0.24201
0.46924
0.65515
0.74716
0.65327
0.34154
-0.12229
-0.61617
-0.95982
-1.0349
-1.003
-1.1457
-1.4819
-1.7748
-1.9438
-2.0058
-1.9513
-1.726
-1.3392
-0.95231
-0.76077
-0.76077
-0.72884
-0.57861
-0.38332
-0.2575
-0.18426
-0.14107
-0.15046
-0.20116
-0.35327
-0.58049
-0.70443
-0.67063
-0.55045
-0.5204
-0.61993
-0.62932
-0.54669
-0.47909
-0.4359
-0.40585
-0.38332
-0.3082
-0.20492
-0.13919
-0.15609
-0.22745
-0.28567
-0.28191
-0.33637
-0.55045
-0.83776
-0.96921
-0.92414
-0.89973
-0.97109
-1.0462
-0.99175
-0.83776
-0.65749
-0.48848
-0.36829
-0.36454
-0.44341
-0.43965
-0.30445
-0.12793
-0.017132
-0.090368
-0.23496
-0.33074
-0.37017
-0.39271
-0.42839
-0.53918
-0.75889
-0.96733
-1.0368
-1.003
-0.9955
-1.0368
-1.1138
-1.187
-1.2565
-1.2715
-1.2208
-1.142
-1.0537
-0.87532
-0.64246
-0.43777
-0.30069
-0.23121
-0.17675
-0.090368
0.026059
0.06925
0.012914
-0.062201
-0.092246
-0.01901
0.080518
0.12559
0.16127
0.17817
0.14812
0.076762
0.011036
0.0054026
0.088029
0.20633
0.23826
0.17629
0.12371
0.093662
0.1162
0.18192
0.15563
0.044838
-0.026521
0.012914
0.12746
0.21385
0.24577
0.28145
0.38473
0.5744
0.79786
0.99316
1.1302
1.1734
1.1528
1.1753
1.2035
1.164
1.042
0.91993
0.8711
0.84293
0.76969
0.61946
0.44295
0.27206
0.12559
0.052349
0.014792
-0.0096203
-0.00023098
0.057983
0.13873
0.22511
0.29084
0.33215
0.34154
0.35469
0.40539
0.45421
0.47299
0.44858
0.39037
0.28521
0.18943
0.13873
0.13498
0.18568
0.24953
0.28708
0.29084
0.28521
0.25891
0.22136
0.17441
0.1669
0.23075
0.32088
0.36783
0.35469
0.33027
0.28521
0.23075
0.1669
0.091784
0.044838
0.065494
0.13685
0.16314
0.12559
0.088029
0.10681
0.2176
0.39037
0.53121
0.56313
0.52182
0.44858
0.38285
0.32464
0.26643
0.19131
0.073006
-0.062201
-0.18802
-0.30069
-0.41336
-0.53355
-0.64997
-0.74011
-0.79832
-0.83401
-0.85091
-0.87719
-0.89785
-0.94105
-0.98799
-1.0124
-0.98236
-0.86217
-0.71194
-0.63119
-0.64434
-0.67814
-0.68941
-0.69316
-0.66875
-0.59364
-0.55608
-0.55984
-0.59176
-0.65185
-0.70443
-0.74575
-0.75514
-0.73636
-0.67627
-0.60866
-0.55232
-0.47533
-0.39834
-0.34388
-0.29318
-0.2237
-0.13919
-0.065956
-0.037788
-0.043422
-0.024643
-0.0039867
-0.073468
-0.23872
-0.39834
-0.48472
-0.49787
-0.49787
-0.52228
-0.54481
-0.55045
-0.52416
-0.48097
-0.46031
-0.48848
-0.51477
-0.51289
-0.48097
-0.44904
-0.4359
-0.40585
-0.36642
-0.34576
-0.33637
-0.34013
-0.36078
-0.38707
-0.39458
-0.39834
-0.42087
-0.44153
-0.42087
-0.35703
-0.25187
-0.14483
-0.07159
0.012914
0.11432
0.19131
0.22699
0.24953
0.25516
0.2514
0.19882
0.11244
-0.0039867
-0.13919
-0.29881
-0.47345
-0.63871
-0.76265
-0.83776
-0.88095
-0.90349
-0.90161
-0.88283
-0.85279
-0.79645
-0.71945
-0.67251
-0.65749
-0.63871
-0.61054
-0.62368
-0.65373
-0.65749
-0.61993
-0.54857
-0.44716
-0.33074
-0.24248
-0.20116
-0.17112
-0.14107
-0.10539
-0.077224
-0.050933
-0.047178
-0.052811
-0.011498
0.054227
0.09554
0.076762
0.020426
-0.028399
-0.077224
-0.14858
-0.23309
-0.30257
-0.35703
-0.40397
-0.41712
-0.39458
-0.34764
-0.31571
-0.27816
-0.19741
-0.067834
0.073006
0.19695
0.29084
0.3622
0.41853
0.43731
0.43356
0.41853
0.4129
0.38098
0.33966
0.27769
0.19507
0.10117
0.018548
-0.047178
-0.12793
-0.2237
-0.31008
-0.37956
-0.40585
-0.38144
-0.31759
-0.25562
-0.20492
-0.17112
-0.14858
-0.1298
-0.10539
-0.064078
-0.024643
0.0016469
0.024181
0.048594
0.056105
0.056105
0.054227
0.07864
0.12371
0.15188
0.15939
0.16314
0.18943
0.24765
0.30962
0.33215
0.32276
0.32652
0.35281
0.37534
0.39788
0.39975
0.3622
0.29835
0.23826
0.2007
0.19695
0.21197
0.21197
0.21009
0.22699
0.25328
0.2683
0.26643
0.23638
0.18756
0.12183
0.04296
-0.024643
-0.073468
-0.11103
-0.13356
-0.1467
-0.16361
-0.1899
-0.21994
-0.23121
-0.20492
-0.15609
-0.10915
-0.094124
-0.13732
-0.23496
-0.30257
-0.27064
-0.20867
-0.16548
-0.15422
-0.16736
-0.20304
-0.25187
-0.27628
-0.27064
-0.27816
-0.33637
-0.40773
-0.45655
-0.47721
-0.49411
-0.51101
-0.49411
-0.46031
-0.42839
-0.41524
-0.41148
-0.43214
-0.48097
-0.53167
-0.56547
-0.5373
-0.47158
-0.40397
-0.35515
-0.31008
-0.29881
-0.38895
-0.51477
-0.56922
-0.52416
-0.4528
-0.40209
-0.33637
-0.24623
-0.18426
-0.19553
-0.24623
-0.27628
-0.25187
-0.17112
-0.064078
0.065494
0.20446
0.30586
0.29084
0.16314
0.022303
-0.043422
-0.056567
-0.099758
-0.15422
-0.21994
-0.27628
-0.32322
-0.36829
-0.419
-0.42839
-0.38144
-0.28567
-0.17863
-0.12605
-0.16361
-0.24435
-0.3251
-0.37017
-0.38144
-0.37393
-0.35327
-0.33261
-0.30069
-0.28567
-0.28379
-0.28003
-0.25187
-0.19553
-0.13732
-0.10539
-0.084735
-0.050933
0.0054026
0.056105
0.09554
0.11056
0.089907
0.024181
-0.094124
-0.26313
-0.40397
-0.45843
-0.44529
-0.43026
-0.42839
-0.4359
-0.45468
-0.45655
-0.46219
-0.43777
-0.37393
-0.31759
-0.21806
-0.058445
0.097418
0.21009
0.27957
0.29272
0.26267
0.26079
0.28333
0.34154
0.39224
0.37346
0.28521
0.18004
0.11432
0.091784
0.10681
0.12934
0.13122
0.086151
0.011036
-0.060323
-0.099758
-0.13356
-0.15046
-0.15609
-0.13919
-0.073468
0.018548
0.06925
0.059861
0.0072805
-0.030277
-0.030277
0.0072805
0.048594
0.084273
0.1162
0.15939
0.20633
0.22136
0.23075
0.24953
0.27018
0.28521
0.29459
0.28333
0.23262
0.18192
0.15563
0.15939
0.15375
0.11995
0.059861
0.018548
0.018548
0.048594
0.074884
0.086151
0.10869
0.14812
0.19882
0.24201
0.25516
0.24014
0.21572
0.19507
0.19507
0.16878
0.097418
0.027937
-0.0096203
-0.0021088
0.050471
0.13498
0.19319
0.22324
0.23638
0.26267
0.31901
0.37159
0.3791
0.35093
0.3284
0.3622
0.41102
0.4467
0.45046
0.45985
0.48238
0.50867
0.51618
0.50867
0.48238
0.44295
0.39975
0.3453
0.30023
0.25704
0.21197
0.17065
0.15188
0.14249
0.13498
0.099296
0.039204
-0.013376
-0.030277
0.011036
0.086151
0.14061
0.15375
0.14061
0.13685
0.16127
0.2007
0.22324
0.21948
0.1838
0.10305
0.020426
-0.064078
-0.10915
-0.13544
-0.17112
-0.23496
-0.30257
-0.36454
-0.40397
-0.40209
-0.35515
-0.28567
-0.2237
-0.18051
-0.14858
-0.099758
-0.0077425
0.073006
0.11432
0.11995
0.11995
0.14061
0.15
0.12934
0.093662
0.061739
0.041082
0.024181
0.0054026
-0.015254
-0.034033
-0.0453
-0.015254
0.037326
0.076762
0.086151
0.086151
0.089907
0.099296
0.10493
0.080518
0.0091584
-0.07159
-0.11103
-0.10915
-0.1129
-0.11854
-0.11854
-0.11103
-0.10351
-0.096002
-0.069712
-0.017132
0.035449
0.073006
0.09554
0.10493
0.10305
0.10305
0.10493
0.097418
0.074884
0.04296
0.0072805
-0.039666
-0.094124
-0.14107
-0.17675
-0.20492
-0.22933
-0.28003
-0.33074
-0.36266
-0.38144
-0.39646
-0.42839
-0.49223
-0.53542
-0.54481
-0.53167
-0.51477
-0.48472
-0.44904
-0.40773
-0.34013
-0.26313
-0.1899
-0.13919
-0.11478
-0.10164
-0.094124
-0.082857
-0.084735
-0.084735
-0.086613
-0.086613
-0.080979
-0.073468
-0.092246
-0.11103
-0.13732
-0.15609
-0.16173
-0.17863
-0.19929
-0.22557
-0.2406
-0.2406
-0.23309
-0.22745
-0.19177
-0.15797
-0.12417
-0.099758
-0.080979
-0.058445
-0.052811
-0.067834
-0.058445
-0.028399
-0.0077425
-0.030277
-0.073468
-0.10351
-0.099758
-0.082857
-0.090368
-0.11103
-0.13919
-0.15985
-0.17487
-0.18238
-0.19553
-0.19365
-0.16173
-0.13356
-0.1298
-0.12605
-0.11854
-0.096002
-0.090368
-0.088491
-0.10164
-0.11478
-0.13544
-0.14858
-0.14483
-0.12229
-0.13919
-0.20492
-0.28754
-0.33074
-0.32322
-0.2744
-0.23872
-0.23121
-0.21619
-0.21055
-0.21055
-0.20116
-0.16924
-0.13356
-0.094124
-0.084735
-0.060323
-0.024643
-0.0058646
0.044838
0.088029
0.10681
0.10869
0.10493
0.11807
0.12746
0.15751
0.20446
0.25328
0.29459
0.30962
0.31337
0.32088
0.33403
0.33779
0.3284
0.30586
0.25704
0.21197
0.17817
0.14249
0.093662
0.027937
-0.0058646
-0.0021088
0.033571
0.041082
0.027937
0.035449
0.06925
0.10493
0.12746
0.14812
0.15563
0.17253
0.19882
0.20821
0.21009
0.2007
0.18943
0.18756
0.1669
0.14812
0.13122
0.13873
0.16314
0.17629
0.1669
0.12371
0.088029
0.091784
0.10493
0.11056
0.088029
0.061739
0.065494
0.091784
0.11995
0.14812
0.18943
0.24201
0.28145
0.30962
0.31901
0.34154
0.37159
0.40914
0.42604
0.42229
0.42041
0.41853
0.40539
0.396
0.38661
0.3791
0.35469
0.33966
0.33591
0.3453
0.34342
0.33779
0.31713
0.28521
0.27957
0.27957
0.27769
0.28145
0.27582
0.2514
0.23262
0.24765
0.27206
0.26455
0.26267
0.26079
0.25704
0.26079
0.24953
0.22511
0.20633
0.20446
0.21385
0.2176
0.19507
0.15751
0.13122
0.13122
0.14812
0.15188
0.12934
0.099296
0.089907
0.10681
0.1331
0.17441
0.19319
0.18568
0.16127
0.15
0.15375
0.16502
0.17065
0.17441
0.18192
0.18568
0.18192
0.15751
0.13498
0.11432
0.091784
0.059861
0.031693
0.014792
0.018548
0.022303
-0.0039867
-0.037788
-0.052811
-0.049056
-0.060323
-0.07159
-0.096002
-0.10164
-0.082857
-0.060323
-0.054689
-0.047178
-0.030277
-0.020888
-0.026521
-0.020888
-0.024643
-0.015254
0.0072805
0.033571
0.056105
0.067372
0.057983
0.048594
0.033571
0.020426
0.0035248
-0.01901
-0.028399
-0.03591
-0.060323
-0.10164
-0.13544
-0.15797
-0.16361
-0.173
-0.18614
-0.18802
-0.16548
-0.14483
-0.14107
-0.14295
-0.13544
-0.1129
-0.10164
-0.12417
-0.14107
-0.14483
-0.13919
-0.14295
-0.14483
-0.14483
-0.16173
-0.16924
-0.16361
-0.15609
-0.15609
-0.15985
-0.16736
-0.16548
-0.17487
-0.18238
-0.17112
-0.13919
-0.13544
-0.15234
-0.16173
-0.15234
-0.14858
-0.15422
-0.16361
-0.17863
-0.18802
-0.16548
-0.1467
-0.14107
-0.12417
-0.10727
-0.10539
-0.12417
-0.1129
-0.094124
-0.07159
-0.060323
-0.077224
-0.090368
-0.073468
-0.064078
-0.075346
-0.10539
-0.12605
-0.11666
-0.090368
-0.090368
-0.075346
-0.069712
-0.060323
-0.058445
-0.062201
-0.062201
-0.0453
-0.030277
-0.054689
-0.077224
-0.067834
-0.047178
-0.028399
-0.017132
-0.028399
-0.047178
-0.067834
-0.082857
-0.082857
-0.079102
-0.09788
-0.10351
-0.080979
-0.064078
-0.049056
-0.032155
-0.013376
-0.00023098
0.022303
0.027937
0.0072805
0.0035248
0.029815
0.071128
0.12371
0.15751
0.18004
0.20446
0.21572
0.21948
0.24389
0.27957
0.27769
0.25516
0.24577
0.25328
0.26079
0.25704
0.24389
0.24201
0.23075
0.21572
0.19131
0.16878
0.15563
0.16878
0.20446
0.24577
0.27394
0.30774
0.36032
0.396
0.42792
0.47299
0.51618
0.54998
0.56501
0.5744
0.58003
